070322|A50CHIN-C22|0.105|0.115|0.130|+0.025|+23.81|22,098
070324|A50CHIN-C24|0.645|0.630|0.630|-0.015|-2.33|200
070326|A50CHIN-C26|0.505|0.430|0.430|-0.075|-14.85|30
070328|A50CHIN-C28|0.200|0.205|0.215|+0.015|+7.50|19,581
070330|A50CHIN-C30|0.285|0.285|0.280|-0.005|-1.75|200,270
070332|A50CHIN-C32|0.780|0.000|0.000|0.000|0.00|0
070334|A50CHIN-C34|0.970|0.000|0.000|0.000|0.00|0
070336|A50CHIN-C36|0.455|0.465|0.475|+0.020|+4.40|5,628
070321|A50CHIN-H21|0.050|0.000|0.000|0.000|0.00|0
070323|A50CHIN-H23|0.005|0.000|0.000|0.000|0.00|0
070325|A50CHIN-H25|0.035|0.000|0.000|0.000|0.00|0
070327|A50CHIN-H27|0.115|0.110|0.090|-0.025|-21.74|4,927
7054|AASIA|0.145|0.000|0.000|0.000|0.00|0
5238|AAX|0.255|0.255|0.250|-0.005|-1.96|32,827
523820|AAX-C20|0.005|0.000|0.000|0.000|0.00|0
523821|AAX-C21|0.005|0.000|0.000|0.000|0.00|0
5238WA|AAX-WA|0.050|0.000|0.050|0.000|0.00|800
0800EA|ABFMY1|1.167|1.170|1.170|+0.003|+0.26|200
7086|ABLEGRP|0.075|0.075|0.075|0.000|0.00|750
2488|ABMB|4.140|4.150|4.120|-0.020|-0.48|22,040
2488CY|ABMB-CY|0.100|0.000|0.000|0.000|0.00|0
7131|ACME|0.250|0.000|0.000|0.000|0.00|0
7120|ACOSTEC|0.455|0.450|0.450|-0.005|-1.10|21,520
5281|ADVCON|0.390|0.400|0.400|+0.010|+2.56|58,693
7191|ADVENTA|0.385|0.355|0.355|-0.030|-7.79|356
9148|ADVPKG|1.900|0.000|0.000|0.000|0.00|0
7146|AEM|0.110|0.000|0.000|0.000|0.00|0
7146WA|AEM-WA|0.005|0.000|0.000|0.000|0.00|0
0181|AEMULUS|0.250|0.250|0.240|-0.010|-4.00|16,481
6599|AEON|1.600|1.600|1.560|-0.040|-2.50|6,876
6599CO|AEON-CO|0.055|0.050|0.050|-0.005|-9.09|100
6599CP|AEON-CP|0.050|0.000|0.000|0.000|0.00|0
6599CQ|AEON-CQ|0.030|0.000|0.000|0.000|0.00|0
5139|AEONCR|17.200|17.120|16.880|-0.320|-1.86|2,529
5139LA|AEONCR-LA|1.570|1.570|1.550|-0.020|-1.27|380
5185|AFFIN|2.270|2.260|2.260|-0.010|-0.44|823
5198|AFUJIYA|0.510|0.530|0.520|+0.010|+1.96|120
7315|AHB|0.135|0.135|0.130|-0.005|-3.70|1,170
7315WB|AHB-WB|0.005|0.005|0.005|0.000|0.00|1,030
7090|AHEALTH|9.390|9.420|9.360|-0.030|-0.32|112
4952|AHP|0.750|0.000|0.000|0.000|0.00|0
0122|AIM|0.280|0.000|0.000|0.000|0.00|0
5099|AIRASIA|2.750|2.760|2.770|+0.020|+0.73|68,880
509959|AIRASIAC59|0.025|0.000|0.000|0.000|0.00|0
509967|AIRASIAC67|0.085|0.090|0.090|+0.005|+5.88|11,294
509968|AIRASIAC68|0.005|0.000|0.000|0.000|0.00|0
509969|AIRASIAC69|0.035|0.000|0.000|0.000|0.00|0
509970|AIRASIAC70|0.020|0.000|0.000|0.000|0.00|0
509971|AIRASIAC71|0.085|0.085|0.085|0.000|0.00|2,750
509972|AIRASIAC72|0.195|0.200|0.200|+0.005|+2.56|200
509973|AIRASIAC73|0.220|0.210|0.210|-0.010|-4.55|700
509974|AIRASIAC74|0.310|0.000|0.000|0.000|0.00|0
509975|AIRASIAC75|0.140|0.000|0.000|0.000|0.00|0
509976|AIRASIAC76|0.080|0.065|0.065|-0.015|-18.75|6,000
509977|AIRASIAC77|0.085|0.085|0.090|+0.005|+5.88|49,550
509978|AIRASIAC78|0.100|0.100|0.105|+0.005|+5.00|14,004
509979|AIRASIAC79|0.050|0.050|0.050|0.000|0.00|2,000
509980|AIRASIAC80|0.055|0.000|0.000|0.000|0.00|0
5014|AIRPORT|7.750|7.700|7.660|-0.090|-1.16|15,797
5014C2|AIRPORT-C2|0.025|0.000|0.000|0.000|0.00|0
5014C3|AIRPORT-C3|0.035|0.000|0.000|0.000|0.00|0
5014C4|AIRPORT-C4|0.045|0.000|0.000|0.000|0.00|0
5014C5|AIRPORT-C5|0.060|0.000|0.000|0.000|0.00|0
5014C6|AIRPORT-C6|0.160|0.000|0.000|0.000|0.00|0
5014C7|AIRPORT-C7|0.095|0.000|0.000|0.000|0.00|0
2682|AISB|0.260|0.000|0.000|0.000|0.00|0
2658|AJI|18.600|18.600|18.500|-0.100|-0.54|243
7609|AJIYA|0.525|0.530|0.535|+0.010|+1.90|281
7609WA|AJIYA-WA|0.095|0.000|0.000|0.000|0.00|0
5115|ALAM|0.115|0.115|0.110|-0.005|-4.35|155,495
5116|ALAQAR|1.350|1.370|1.370|+0.020|+1.48|70
2674|ALCOM|0.520|0.520|0.520|0.000|0.00|593
1163|ALLIANZ|14.340|14.320|14.260|-0.080|-0.56|1,086
1163PA|ALLIANZ-PA|14.300|0.000|0.000|0.000|0.00|0
5269|ALSREIT|0.825|0.825|0.850|+0.025|+3.03|1,531
1015|AMBANK|4.500|4.500|4.460|-0.040|-0.89|19,373
101510|AMBANK-C10|0.170|0.000|0.000|0.000|0.00|0
101511|AMBANK-C11|0.180|0.000|0.000|0.000|0.00|0
101512|AMBANK-C12|0.135|0.000|0.000|0.000|0.00|0
101513|AMBANK-C13|0.095|0.000|0.000|0.000|0.00|0
0159|AMEDIA|0.165|0.165|0.165|0.000|0.00|10
5120|AMFIRST|0.530|0.530|0.530|0.000|0.00|1,011
03011|AMLEX|0.180|0.000|0.000|0.000|0.00|0
1007|AMPROP|0.520|0.520|0.520|0.000|0.00|605
1007PA|AMPROP-PA|0.250|0.245|0.245|-0.005|-2.00|200
1007PB|AMPROP-PB|0.580|0.000|0.000|0.000|0.00|0
7051|AMTEK|0.370|0.300|0.120|-0.250|-67.57|7,560
7031|AMTEL|0.665|0.665|0.665|0.000|0.00|35
5959|AMVERTON|1.020|0.000|0.000|0.000|0.00|0
6351|AMWAY|6.140|6.140|6.140|0.000|0.00|299
7083|ANALABS|1.200|1.200|1.200|0.000|0.00|1
4758|ANCOM|0.490|0.480|0.490|0.000|0.00|2,718
0048|ANCOMLB|0.095|0.085|0.085|-0.010|-10.53|476
6556|ANNJOO|1.600|1.620|1.580|-0.020|-1.25|18,464
6556PA|ANNJOO-PA|0.550|0.500|0.500|-0.050|-9.09|141
9342|ANZO|0.035|0.040|0.040|+0.005|+14.29|21,580
9342WA|ANZO-WA|0.005|0.000|0.000|0.000|0.00|0
9342WB|ANZO-WB|0.025|0.000|0.000|0.000|0.00|0
9342WC|ANZO-WC|0.005|0.000|0.000|0.000|0.00|0
5568|APB|0.730|0.000|0.000|0.000|0.00|0
5088|APEX|1.020|1.010|1.010|-0.010|-0.98|45
5194|APFT|0.020|0.020|0.020|0.000|0.00|650
5015|APM|3.100|3.100|3.100|0.000|0.00|47
6432|APOLLO|3.890|3.900|3.850|-0.040|-1.03|61
0119|APPASIA|0.085|0.085|0.085|0.000|0.00|602
0119WA|APPASIA-WA|0.035|0.000|0.000|0.000|0.00|0
7214|ARANK|0.520|0.520|0.515|-0.005|-0.96|425
7007|ARK|0.500|0.000|0.000|0.000|0.00|0
7007WB|ARK-WB|0.090|0.000|0.000|0.000|0.00|0
5210|ARMADA|0.165|0.165|0.165|0.000|0.00|375,903
521040|ARMADA-C40|0.005|0.000|0.000|0.000|0.00|0
521043|ARMADA-C43|0.005|0.000|0.000|0.000|0.00|0
521045|ARMADA-C45|0.005|0.000|0.000|0.000|0.00|0
521046|ARMADA-C46|0.005|0.000|0.000|0.000|0.00|0
521047|ARMADA-C47|0.005|0.000|0.000|0.000|0.00|0
521048|ARMADA-C48|0.005|0.000|0.000|0.000|0.00|0
521049|ARMADA-C49|0.005|0.005|0.005|0.000|0.00|4,200
521050|ARMADA-C50|0.015|0.000|0.000|0.000|0.00|0
5127|ARREIT|0.850|0.850|0.850|0.000|0.00|214
1481|ASB|0.125|0.125|0.130|+0.005|+4.00|35,515
0068|ASDION|0.260|0.260|0.260|0.000|0.00|34,567
0068WB|ASDION-WB|0.005|0.000|0.000|0.000|0.00|0
7722|ASIABRN|0.490|0.000|0.000|0.000|0.00|0
7129|ASIAFLE|2.530|2.550|2.550|+0.020|+0.79|87
4057|ASIAPAC|0.115|0.115|0.115|0.000|0.00|972
4057LC|ASIAPAC-LC|0.600|0.000|0.000|0.000|0.00|0
4057WB|ASIAPAC-WB|0.055|0.000|0.000|0.000|0.00|0
0105|ASIAPLY|0.080|0.000|0.080|0.000|0.00|1,701
0105PA|ASIAPLY-PA|0.035|0.000|0.000|0.000|0.00|0
0105WA|ASIAPLY-WA|0.020|0.000|0.000|0.000|0.00|0
0105WB|ASIAPLY-WB|0.025|0.000|0.000|0.000|0.00|0
7162|ASTINO|0.640|0.640|0.650|+0.010|+1.56|268
6399|ASTRO|1.610|1.610|1.590|-0.020|-1.24|1,241
639910|ASTRO-C10|0.135|0.125|0.125|-0.010|-7.41|4,000
639911|ASTRO-C11|0.115|0.110|0.110|-0.005|-4.35|1,000
639912|ASTRO-C12|0.095|0.000|0.000|0.000|0.00|0
639913|ASTRO-C13|0.090|0.000|0.000|0.000|0.00|0
639914|ASTRO-C14|0.080|0.000|0.000|0.000|0.00|0
0072|AT|0.045|0.050|0.050|+0.005|+11.11|6,470
0072WB|AT-WB|0.005|0.005|0.005|0.000|0.00|10,316
8176|ATAIMS|1.730|1.750|1.730|0.000|0.00|835
7048|ATLAN|4.380|0.000|0.000|0.000|0.00|0
5130|ATRIUM|1.120|1.120|1.110|-0.010|-0.89|1,537
7099|ATTA|0.690|0.660|0.690|0.000|0.00|11
7099LA|ATTA-LA|0.085|0.085|0.085|0.000|0.00|1,310
7099PA|ATTA-PA|0.145|0.145|0.145|0.000|0.00|552
7099WB|ATTA-WB|0.090|0.000|0.000|0.000|0.00|0
7099WC|ATTA-WC|0.095|0.000|0.000|0.000|0.00|0
7181|ATURMJU|0.415|0.410|0.385|-0.030|-7.23|54,790
7181PA|ATURMJU-PA|0.145|0.140|0.130|-0.015|-10.34|90,737
8885|AVI|0.245|0.235|0.240|-0.005|-2.04|989
7579|AWC|0.765|0.760|0.760|-0.005|-0.65|7,905
7579WA|AWC-WA|0.210|0.205|0.205|-0.005|-2.38|2,356
6888|AXIATA|4.160|4.160|4.080|-0.080|-1.92|36,004
688828|AXIATA-C28|0.020|0.000|0.000|0.000|0.00|0
688829|AXIATA-C29|0.005|0.000|0.000|0.000|0.00|0
688830|AXIATA-C30|0.040|0.000|0.000|0.000|0.00|0
688831|AXIATA-C31|0.040|0.000|0.000|0.000|0.00|0
688832|AXIATA-C32|0.120|0.110|0.110|-0.010|-8.33|4,000
688833|AXIATA-C33|0.180|0.170|0.165|-0.015|-8.33|3,276
688834|AXIATA-C34|0.180|0.180|0.165|-0.015|-8.33|8
688835|AXIATA-C35|0.155|0.000|0.000|0.000|0.00|0
688836|AXIATA-C36|0.185|0.175|0.175|-0.010|-5.41|1,999
688837|AXIATA-C37|0.085|0.085|0.075|-0.010|-11.76|4
5106|AXREIT|1.740|1.750|1.740|0.000|0.00|18,152
2305|AYER|4.500|0.000|0.000|0.000|0.00|0
5021|AYS|0.350|0.000|0.340|-0.010|-2.86|2,698
7078|AZRB|0.475|0.480|0.470|-0.005|-1.05|41,969
7078WA|AZRB-WA|0.210|0.220|0.215|+0.005|+2.38|1,443
0098|BAHVEST|0.665|0.665|0.660|-0.005|-0.75|98,507
0098WA|BAHVEST-WA|0.380|0.380|0.395|+0.015|+3.95|35,165
7251|BARAKAH|0.110|0.110|0.100|-0.010|-9.09|112,386
4162|BAT|34.120|34.460|33.880|-0.240|-0.70|5,519
4162CM|BAT-CM|0.065|0.000|0.000|0.000|0.00|0
4162CN|BAT-CN|0.130|0.000|0.000|0.000|0.00|0
4162CO|BAT-CO|0.150|0.075|0.070|-0.080|-53.33|8
5248|BAUTO|2.200|2.200|2.200|0.000|0.00|6,694
5248C1|BAUTO-C1|0.070|0.065|0.070|0.000|0.00|357
5248CY|BAUTO-CY|0.125|0.000|0.000|0.000|0.00|0
5248CZ|BAUTO-CZ|0.165|0.170|0.170|+0.005|+3.03|499
6602|BCB|0.280|0.280|0.280|0.000|0.00|371
0187|BCMALL|0.195|0.195|0.195|0.000|0.00|8,392
6173|BDB|0.350|0.340|0.340|-0.010|-2.86|108
5190|BENALEC|0.200|0.195|0.195|-0.005|-2.50|6,732
9814|BERTAM|0.280|0.000|0.000|0.000|0.00|0
8133|BHIC|1.290|1.270|1.270|-0.020|-1.55|106
7005|BIG|0.450|0.430|0.430|-0.020|-4.44|1,102
5258|BIMB|4.240|4.230|4.220|-0.020|-0.47|18,296
5258WA|BIMB-WA|0.255|0.255|0.240|-0.015|-5.88|11,333
0195|BINACOM|0.400|0.400|0.400|0.000|0.00|1,043
6998|BINTAI|0.140|0.135|0.135|-0.005|-3.57|2,340
6998WA|BINTAI-WA|0.055|0.050|0.050|-0.005|-9.09|2,200
0179|BIOHLDG|0.205|0.200|0.200|-0.005|-2.44|11,161
0179WA|BIOHLDG-WA|0.080|0.080|0.080|0.000|0.00|1,533
7243|BIOOSMO|0.060|0.055|0.055|-0.005|-8.33|50,075
5032|BIPORT|4.600|4.650|4.600|0.000|0.00|70
3239|BJASSET|0.310|0.310|0.315|+0.005|+1.61|8,880
3239WB|BJASSET-WB|0.060|0.060|0.065|+0.005|+8.33|1,330
3395|BJCORP|0.275|0.275|0.270|-0.005|-1.82|70,563
339510|BJCORP-C10|0.010|0.000|0.000|0.000|0.00|0
339511|BJCORP-C11|0.030|0.025|0.025|-0.005|-16.67|400
3395LD|BJCORP-LD|0.355|0.355|0.345|-0.010|-2.82|263
3395LE|BJCORP-LE|0.385|0.000|0.000|0.000|0.00|0
3395WB|BJCORP-WB|0.050|0.045|0.045|-0.005|-10.00|6,083
3395WC|BJCORP-WC|0.075|0.075|0.075|0.000|0.00|2,050
5196|BJFOOD|1.480|1.490|1.500|+0.020|+1.35|6,471
4219|BJLAND|0.280|0.280|0.275|-0.005|-1.79|16,348
6025|BJMEDIA|0.210|0.175|0.175|-0.035|-16.67|1,380
1562|BJTOTO|2.360|2.360|2.330|-0.030|-1.27|15,222
1562CW|BJTOTO-CW|0.075|0.065|0.065|-0.010|-13.33|800
1562CX|BJTOTO-CX|0.095|0.000|0.000|0.000|0.00|0
1899|BKAWAN|17.060|17.100|17.180|+0.120|+0.70|23
5069|BLDPLNT|6.960|0.000|0.000|0.000|0.00|0
0508C5|BOC-C5|0.100|0.000|0.000|0.000|0.00|0
0168|BOILERM|0.535|0.540|0.545|+0.010|+1.87|600
9288|BONIA|0.260|0.255|0.255|-0.005|-1.92|360
7036|BORNOIL|0.045|0.040|0.045|0.000|0.00|56,738
7036WC|BORNOIL-WC|0.020|0.015|0.020|0.000|0.00|3,510
7036WD|BORNOIL-WD|0.020|0.015|0.020|0.000|0.00|1,621
6297|BOXPAK|1.090|0.000|0.000|0.000|0.00|0
6297WA|BOXPAK-WA|0.175|0.000|0.000|0.000|0.00|0
5254|BPLANT|0.815|0.820|0.795|-0.020|-2.45|2,637
5100|BPPLAS|1.130|1.140|1.140|+0.010|+0.88|1,771
5932|BPURI|0.190|0.190|0.185|-0.005|-2.63|33,097
9474|BRAHIMS|0.140|0.140|0.140|0.000|0.00|33,866
8761|BREM|0.750|0.750|0.750|0.000|0.00|2,976
9938|BRIGHT|0.180|0.175|0.180|0.000|0.00|675
7221|BSLCORP|0.340|0.340|0.335|-0.005|-1.47|318
2771|BSTEAD|1.350|1.350|1.320|-0.030|-2.22|6,618
0011|BTECH|0.300|0.300|0.300|0.000|0.00|14,771
7188|BTM|0.120|0.120|0.120|0.000|0.00|29
7188WA|BTM-WA|0.015|0.000|0.000|0.000|0.00|0
7188WB|BTM-WB|0.040|0.000|0.000|0.000|0.00|0
1818|BURSA|7.030|7.030|6.980|-0.050|-0.71|2,335
181820|BURSA-C20|0.005|0.000|0.000|0.000|0.00|0
181821|BURSA-C21|0.110|0.085|0.085|-0.025|-22.73|300
181822|BURSA-C22|0.065|0.000|0.060|-0.005|-7.69|200
181823|BURSA-C23|0.050|0.000|0.000|0.000|0.00|0
7174|CAB|0.620|0.610|0.585|-0.035|-5.65|4,601
7174WA|CAB-WA|0.425|0.420|0.400|-0.025|-5.88|300
0191|CABNET|0.310|0.320|0.310|0.000|0.00|898
0191WA|CABNET-WA|0.060|0.060|0.055|-0.005|-8.33|2,200
7154|CAELY|0.950|0.950|0.950|0.000|0.00|50
7154WA|CAELY-WA|0.585|0.000|0.555|-0.030|-5.13|231
7128|CAMRES|0.250|0.000|0.000|0.000|0.00|0
5105|CANONE|2.760|2.750|2.760|0.000|0.00|2,231
5229|CAP|0.010|0.000|0.000|0.000|0.00|0
0163|CAREPLS|0.170|0.170|0.170|0.000|0.00|3,806
5257|CARIMIN|0.820|0.820|0.775|-0.045|-5.49|116,815
5245|CARING|1.940|1.900|1.940|0.000|0.00|170
2836|CARLSBG|25.840|25.840|25.740|-0.100|-0.39|4,514
7076|CBIP|1.050|1.060|1.050|0.000|0.00|1,881
7076WA|CBIP-WA|0.010|0.000|0.000|0.000|0.00|0
2925|CCB|1.570|1.540|1.540|-0.030|-1.91|455
7035|CCK|0.645|0.650|0.620|-0.025|-3.88|71,041
7035WA|CCK-WA|0.125|0.125|0.120|-0.005|-4.00|24,937
2879|CCM|2.000|1.960|1.980|-0.020|-1.00|400
5195|CENSOF|0.150|0.150|0.145|-0.005|-3.33|700
5195WB|CENSOF-WB|0.005|0.005|0.005|0.000|0.00|400
8982|CEPAT|0.600|0.000|0.600|0.000|0.00|530
8435|CEPCO|0.630|0.000|0.000|0.000|0.00|0
8044|CFM|1.250|1.350|1.350|+0.100|+8.00|1
0579C1|CGARDEN-C1|0.100|0.000|0.000|0.000|0.00|0
7209|CHEETAH|0.350|0.310|0.310|-0.040|-11.43|143
7187|CHGP|0.350|0.000|0.000|0.000|0.00|0
7187WA|CHGP-WA|0.175|0.175|0.175|0.000|0.00|700
5738|CHHB|1.490|1.480|1.480|-0.010|-0.67|1,390
5738WB|CHHB-WB|0.380|0.380|0.410|+0.030|+7.89|200
0829EA|CHINAETF-MYR|5.610|5.620|5.630|+0.020|+0.36|10
0829EB|CHINAETF-USD|1.275|0.000|0.000|0.000|0.00|0
5273|CHINHIN|0.800|0.800|0.800|0.000|0.00|2,392
1929|CHINTEK|7.000|6.810|6.800|-0.200|-2.86|62
5007|CHINWEL|1.800|1.800|1.800|0.000|0.00|1,347
0501CG|CHMOBIL-CG|0.145|0.000|0.000|0.000|0.00|0
5797|CHOOBEE|1.590|1.590|1.580|-0.010|-0.63|54
7016|CHUAN|0.395|0.380|0.395|0.000|0.00|440
8052|CICB|0.590|0.510|0.590|0.000|0.00|46
2828|CIHLDG|1.450|0.000|0.000|0.000|0.00|0
1023|CIMB|5.390|5.420|5.280|-0.110|-2.04|95,755
102340|CIMB-C40|0.025|0.000|0.000|0.000|0.00|0
102341|CIMB-C41|0.075|0.000|0.000|0.000|0.00|0
102342|CIMB-C42|0.050|0.000|0.000|0.000|0.00|0
102343|CIMB-C43|0.025|0.000|0.000|0.000|0.00|0
102344|CIMB-C44|0.045|0.035|0.035|-0.010|-22.22|6,000
102345|CIMB-C45|0.070|0.070|0.065|-0.005|-7.14|16,250
102346|CIMB-C46|0.085|0.000|0.000|0.000|0.00|0
102347|CIMB-C47|0.075|0.000|0.000|0.000|0.00|0
0822EA|CIMBA40|1.870|0.000|0.000|0.000|0.00|0
0823EA|CIMBC50|1.585|0.000|0.000|0.000|0.00|0
7117|CJCEN|0.450|0.450|0.450|0.000|0.00|7,893
0514C3|CKHUTCH-C3|0.075|0.000|0.000|0.000|0.00|0
03001|CLOUD|0.300|0.000|0.000|0.000|0.00|0
7018|CME|0.040|0.000|0.000|0.000|0.00|0
7018LA|CME-LA|0.020|0.000|0.000|0.000|0.00|0
7018WA|CME-WA|0.025|0.000|0.000|0.000|0.00|0
5180|CMMT|1.120|1.120|1.120|0.000|0.00|1,086
2852|CMSB|3.180|3.180|3.260|+0.080|+2.52|45,156
285214|CMSB-C14|0.085|0.000|0.000|0.000|0.00|0
285215|CMSB-C15|0.110|0.120|0.125|+0.015|+13.64|5,976
7986|CNASIA|0.435|0.420|0.435|0.000|0.00|105
5104|CNI|0.070|0.070|0.070|0.000|0.00|500
5188|CNOUHUA|0.055|0.000|0.000|0.000|0.00|0
5071|COASTAL|1.330|1.330|1.250|-0.080|-6.02|3,526
7205|COCOLND|2.040|2.040|2.040|0.000|0.00|71
7195|COMCORP|0.120|0.110|0.100|-0.020|-16.67|6,237
2127|COMFORT|0.840|0.830|0.810|-0.030|-3.57|4,591
5136|COMPLET|0.870|0.880|0.880|+0.010|+1.15|73
5037|COMPUGT|0.025|0.000|0.030|+0.005|+20.00|104,962
0102|CONNECT|0.105|0.105|0.110|+0.005|+4.76|21,414
0102PA|CONNECT-PA|0.030|0.000|0.000|0.000|0.00|0
0102WA|CONNECT-WA|0.025|0.025|0.025|0.000|0.00|300
0102WB|CONNECT-WB|0.025|0.000|0.000|0.000|0.00|0
8591|CRESBLD|1.000|1.000|1.050|+0.050|+5.00|17,541
6718|CRESNDO|1.270|1.270|1.270|0.000|0.00|50
03016|CRG|0.045|0.045|0.045|0.000|0.00|705
7202|CSCENIC|1.130|1.140|1.130|0.000|0.00|80
5094|CSCSTEL|1.070|1.110|1.080|+0.010|+0.93|9,083
5214|CSL|0.010|0.000|0.000|0.000|0.00|0
0051|CUSCAPI|0.195|0.195|0.195|0.000|0.00|22,854
5049|CVIEW|1.510|0.000|0.000|0.000|0.00|0
9423|CWG|0.420|0.415|0.415|-0.005|-1.19|20
7157|CYL|0.470|0.000|0.000|0.000|0.00|0
5082|CYMAO|0.345|0.000|0.000|0.000|0.00|0
5184|CYPARK|1.700|1.710|1.710|+0.010|+0.59|4,855
7204|D&O|0.710|0.705|0.700|-0.010|-1.41|89,699
8125|DAIBOCI|1.580|1.570|1.570|-0.010|-0.63|3,967
8125WB|DAIBOCI-WB|0.115|0.120|0.120|+0.005|+4.35|870
5355|DAIMAN|2.990|0.000|0.000|0.000|0.00|0
5276|DANCO|0.595|0.620|0.610|+0.015|+2.52|67,121
5276WA|DANCO-WA|0.340|0.365|0.360|+0.020|+5.88|70,647
8338|DATAPRP|0.210|0.210|0.210|0.000|0.00|2,524
0091|DAYA|0.005|0.010|0.005|0.000|0.00|6,235
5141|DAYANG|1.580|1.620|1.520|-0.060|-3.80|1,278,136
7179|DBE|0.030|0.030|0.025|-0.005|-16.67|3,300
7179WB|DBE-WB|0.010|0.005|0.010|0.000|0.00|4,210
3484|DBHD|0.460|0.470|0.480|+0.020|+4.35|24,162
3484WA|DBHD-WA|0.090|0.085|0.095|+0.005|+5.56|7,364
7119|DEGEM|1.050|0.000|0.000|0.000|0.00|0
5132|DELEUM|1.090|1.100|1.100|+0.010|+0.92|2,767
7212|DESTINI|0.225|0.215|0.215|-0.010|-4.44|15,431
0152|DGB|0.130|0.000|0.000|0.000|0.00|0
0152WB|DGB-WB|0.035|0.030|0.030|-0.005|-14.29|3,900
0131|DGSB|0.090|0.085|0.085|-0.005|-5.56|10,855
7277|DIALOG|3.180|3.180|3.170|-0.010|-0.31|26,673
727733|DIALOG-C33|0.005|0.000|0.000|0.000|0.00|0
727735|DIALOG-C35|0.005|0.000|0.000|0.000|0.00|0
727736|DIALOG-C36|0.055|0.000|0.000|0.000|0.00|0
727737|DIALOG-C37|0.045|0.045|0.045|0.000|0.00|4
727738|DIALOG-C38|0.040|0.000|0.000|0.000|0.00|0
727739|DIALOG-C39|0.050|0.000|0.000|0.000|0.00|0
727740|DIALOG-C40|0.110|0.000|0.000|0.000|0.00|0
727741|DIALOG-C41|0.100|0.095|0.095|-0.005|-5.00|6,000
727742|DIALOG-C42|0.135|0.000|0.000|0.000|0.00|0
727743|DIALOG-C43|0.150|0.000|0.000|0.000|0.00|0
727744|DIALOG-C44|0.070|0.075|0.075|+0.005|+7.14|4
6947|DIGI|4.560|4.540|4.510|-0.050|-1.10|19,718
694724|DIGI-C24|0.040|0.035|0.035|-0.005|-12.50|1,011
694725|DIGI-C25|0.105|0.000|0.000|0.000|0.00|0
694726|DIGI-C26|0.115|0.000|0.000|0.000|0.00|0
694727|DIGI-C27|0.105|0.000|0.000|0.000|0.00|0
694728|DIGI-C28|0.050|0.000|0.000|0.000|0.00|0
0029|DIGISTA|0.045|0.045|0.045|0.000|0.00|4,950
0029WB|DIGISTA-WB|0.015|0.000|0.000|0.000|0.00|0
0400GA|DIN040000223|99.500|99.500|99.500|0.000|0.00|10
0400GC|DIN042300721|100.500|0.000|0.000|0.000|0.00|0
0400GB|DIN045801028|100.700|0.000|0.000|0.000|0.00|0
7528|DKLS|1.710|0.000|0.000|0.000|0.00|0
5908|DKSH|2.470|2.470|2.460|-0.010|-0.40|848
3026|DLADY|63.900|64.500|63.600|-0.300|-0.47|8
4456|DNEX|0.290|0.290|0.275|-0.015|-5.17|82,208
4456WD|DNEX-WD|0.070|0.070|0.070|0.000|0.00|83,929
7114|DNONCE|0.465|0.000|0.440|-0.025|-5.38|971
7114WA|DNONCE-WA|0.210|0.000|0.000|0.000|0.00|0
5835|DOLMITE|0.110|0.000|0.000|0.000|0.00|0
5265|DOLPHIN|0.150|0.145|0.150|0.000|0.00|9,342
5265WA|DOLPHIN-WA|0.035|0.030|0.030|-0.005|-14.29|840
7169|DOMINAN|1.240|1.240|1.260|+0.020|+1.61|594
7169WA|DOMINAN-WA|0.080|0.000|0.000|0.000|0.00|0
7148|DPHARMA|1.110|1.100|1.090|-0.020|-1.80|4,802
0205|DPIH|0.220|0.215|0.215|-0.005|-2.27|2,027
7198|DPS|0.065|0.060|0.065|0.000|0.00|2,121
7198WB|DPS-WB|0.030|0.000|0.000|0.000|0.00|0
1619|DRBHCOM|1.860|1.870|1.810|-0.050|-2.69|32,851
161960|DRBHCOMC60|0.025|0.015|0.015|-0.010|-40.00|14,946
161962|DRBHCOMC62|0.005|0.000|0.000|0.000|0.00|0
161963|DRBHCOMC63|0.055|0.000|0.000|0.000|0.00|0
161964|DRBHCOMC64|0.005|0.000|0.000|0.000|0.00|0
161966|DRBHCOMC66|0.005|0.000|0.000|0.000|0.00|0
161967|DRBHCOMC67|0.015|0.000|0.000|0.000|0.00|0
161968|DRBHCOMC68|0.085|0.085|0.075|-0.010|-11.76|18,200
161969|DRBHCOMC69|0.125|0.125|0.125|0.000|0.00|5,000
161970|DRBHCOMC70|0.140|0.145|0.130|-0.010|-7.14|13,212
161971|DRBHCOMC71|0.120|0.000|0.000|0.000|0.00|0
161972|DRBHCOMC72|0.125|0.110|0.110|-0.015|-12.00|1,000
161973|DRBHCOMC73|0.100|0.000|0.000|0.000|0.00|0
161974|DRBHCOMC74|0.085|0.000|0.000|0.000|0.00|0
161975|DRBHCOMC75|0.150|0.070|0.065|-0.085|-56.67|4
5216|DSONIC|0.495|0.495|0.480|-0.015|-3.03|51,797
5216WA|DSONIC-WA|0.085|0.080|0.080|-0.005|-5.88|12,238
7233|DUFU|1.630|1.630|1.580|-0.050|-3.07|17,629
3948|DUTALND|0.495|0.495|0.500|+0.005|+1.01|2,950
5178|DYNACIA|0.095|0.095|0.095|0.000|0.00|12,689
5178PA|DYNACIA-PA|0.050|0.045|0.050|0.000|0.00|1,221
5178WA|DYNACIA-WA|0.040|0.035|0.035|-0.005|-12.50|200
3417|E&O|0.860|0.860|0.850|-0.010|-1.16|8,449
341713|E&O-C13|0.100|0.000|0.000|0.000|0.00|0
3417WB|E&O-WB|0.005|0.000|0.000|0.000|0.00|0
0154|EAH|0.015|0.000|0.015|0.000|0.00|13,640
0154WC|EAH-WC|0.005|0.000|0.000|0.000|0.00|0
0154WD|EAH-WD|0.010|0.000|0.000|0.000|0.00|0
0154WE|EAH-WE|0.010|0.000|0.000|0.000|0.00|0
2097|EASTLND|0.100|0.100|0.105|+0.005|+5.00|2,544
5259|EATECH|0.425|0.415|0.415|-0.010|-2.35|12,980
2143|ECM|0.275|0.275|0.275|0.000|0.00|180
3557|ECOFIRS|0.295|0.295|0.295|0.000|0.00|11,896
3557WC|ECOFIRS-WC|0.020|0.015|0.010|-0.010|-50.00|4,618
0059|ECOHLDS|0.270|0.285|0.270|0.000|0.00|210
5253|ECONBHD|0.475|0.490|0.480|+0.005|+1.05|345,698
5253WA|ECONBHD-WA|0.120|0.125|0.125|+0.005|+4.17|37,968
8206|ECOWLD|0.940|0.940|0.930|-0.010|-1.06|8,388
8206CQ|ECOWLD-CQ|0.005|0.000|0.000|0.000|0.00|0
8206CS|ECOWLD-CS|0.035|0.000|0.000|0.000|0.00|0
8206CT|ECOWLD-CT|0.150|0.000|0.000|0.000|0.00|0
8206WA|ECOWLD-WA|0.185|0.180|0.180|-0.005|-2.70|500
5036|EDARAN|0.565|0.565|0.550|-0.015|-2.65|15,359
7471|EDEN|0.120|0.115|0.115|-0.005|-4.17|11,757
7471WB|EDEN-WB|0.040|0.040|0.040|0.000|0.00|451
1368|EDGENTA|2.910|2.880|2.870|-0.040|-1.37|937
0107|EDUSPEC|0.030|0.025|0.025|-0.005|-16.67|14,559
0064|EFFICEN|0.180|0.175|0.170|-0.010|-5.56|1,000
0065|EFORCE|0.490|0.490|0.475|-0.015|-3.06|13,908
0065WA|EFORCE-WA|0.145|0.140|0.145|0.000|0.00|5,059
8907|EG|0.465|0.455|0.460|-0.005|-1.08|1,760
8907PA|EG-PA|0.465|0.450|0.455|-0.010|-2.15|45
8907WC|EG-WC|0.135|0.125|0.125|-0.010|-7.41|1,760
5081|EIG|0.655|0.000|0.000|0.000|0.00|0
5208|EITA|1.360|1.360|1.370|+0.010|+0.74|204
7182|EKA|0.070|0.070|0.070|0.000|0.00|1,201
8877|EKOVEST|0.585|0.585|0.585|0.000|0.00|285,670
8877CQ|EKOVEST-CQ|0.010|0.000|0.000|0.000|0.00|0
8877CR|EKOVEST-CR|0.005|0.000|0.000|0.000|0.00|0
8877CS|EKOVEST-CS|0.050|0.050|0.050|0.000|0.00|600
8877CT|EKOVEST-CT|0.060|0.060|0.065|+0.005|+8.33|18,500
8877WB|EKOVEST-WB|0.105|0.105|0.110|+0.005|+4.76|165,245
9016|EKSONS|0.820|0.795|0.810|-0.010|-1.22|150
5228|ELKDESA|1.430|1.430|1.460|+0.030|+2.10|7,575
5228LA|ELKDESA-LA|1.080|0.000|1.200|+0.120|+11.11|295
0090|ELSOFT|1.020|1.020|1.020|0.000|0.00|12,065
7217|EMETALL|0.390|0.395|0.390|0.000|0.00|1,143
9091|EMICO|0.170|0.000|0.000|0.000|0.00|0
6076|ENCORP|0.385|0.370|0.360|-0.025|-6.49|250
7149|ENGKAH|1.050|0.000|0.000|0.000|0.00|0
5056|ENGTEX|0.790|0.790|0.790|0.000|0.00|400
8613|ENRA|1.550|0.000|0.000|0.000|0.00|0
7773|EPMB|0.400|0.000|0.000|0.000|0.00|0
0190|ESAFE|0.220|0.220|0.220|0.000|0.00|420
0100|ESCERAM|0.155|0.150|0.150|-0.005|-3.23|3,150
03021|ETH|0.165|0.155|0.175|+0.010|+6.06|5,448
6815|EUPE|0.650|0.665|0.640|-0.010|-1.54|293
7208|EURO|0.135|0.135|0.135|0.000|0.00|3,413
7094|EUROSP|0.405|0.000|0.000|0.000|0.00|0
5101|EVERGRN|0.375|0.370|0.365|-0.010|-2.67|4,140
7249|EWEIN|0.615|0.610|0.590|-0.025|-4.07|26,814
5283|EWINT|0.760|0.755|0.755|-0.005|-0.66|1,661
5283WA|EWINT-WA|0.150|0.150|0.145|-0.005|-3.33|3,290
3689|F&N|34.960|35.360|34.980|+0.020|+0.06|5,388
2984|FACBIND|1.310|1.300|1.300|-0.010|-0.76|20
7047|FAJAR|0.400|0.405|0.410|+0.010|+2.50|19,252
7047WB|FAJAR-WB|0.040|0.035|0.035|-0.005|-12.50|7,032
5029|FAREAST|2.780|0.000|0.000|0.000|0.00|0
6041|FARLIM|0.365|0.355|0.355|-0.010|-2.74|108
7229|FAVCO|2.830|2.770|2.810|-0.020|-0.71|1,122
06505D|FBMKLCI-C5D|0.085|0.000|0.000|0.000|0.00|0
06505I|FBMKLCI-C5I|0.005|0.000|0.000|0.000|0.00|0
06505J|FBMKLCI-C5J|0.040|0.000|0.000|0.000|0.00|0
06505K|FBMKLCI-C5K|0.005|0.010|0.005|0.000|0.00|531
06505L|FBMKLCI-C5L|0.070|0.000|0.000|0.000|0.00|0
06505M|FBMKLCI-C5M|0.130|0.000|0.000|0.000|0.00|0
06505N|FBMKLCI-C5N|0.045|0.040|0.040|-0.005|-11.11|250
06505O|FBMKLCI-C5O|0.040|0.040|0.035|-0.005|-12.50|9,140
06505P|FBMKLCI-C5P|0.190|0.175|0.175|-0.015|-7.89|100
06505Q|FBMKLCI-C5Q|0.290|0.265|0.260|-0.030|-10.34|10,600
06505R|FBMKLCI-C5R|0.055|0.050|0.045|-0.010|-18.18|651
06505S|FBMKLCI-C5S|0.160|0.000|0.000|0.000|0.00|0
06505T|FBMKLCI-C5T|0.245|0.230|0.225|-0.020|-8.16|2,500
06505U|FBMKLCI-C5U|0.150|0.000|0.000|0.000|0.00|0
06505V|FBMKLCI-C5V|0.055|0.050|0.065|+0.010|+18.18|561
06505W|FBMKLCI-C5W|0.150|0.000|0.000|0.000|0.00|0
0820EA|FBMKLCI-EA|1.780|1.770|1.770|-0.010|-0.56|127
06506F|FBMKLCI-H6F|0.025|0.000|0.000|0.000|0.00|0
06506K|FBMKLCI-H6K|0.195|0.000|0.000|0.000|0.00|0
06506L|FBMKLCI-H6L|0.130|0.130|0.135|+0.005|+3.85|2,380
06506M|FBMKLCI-H6M|0.185|0.190|0.205|+0.020|+10.81|2,380
06506N|FBMKLCI-H6N|0.210|0.220|0.225|+0.015|+7.14|10,000
06506O|FBMKLCI-H6O|0.330|0.000|0.000|0.000|0.00|0
06506P|FBMKLCI-H6P|0.060|0.060|0.060|0.000|0.00|12,216
06506Q|FBMKLCI-H6Q|0.110|0.110|0.100|-0.010|-9.09|11,533
06506R|FBMKLCI-H6R|0.240|0.000|0.000|0.000|0.00|0
06506S|FBMKLCI-H6S|0.365|0.365|0.380|+0.015|+4.11|23,500
06506T|FBMKLCI-H6T|0.100|0.105|0.105|+0.005|+5.00|680
06506U|FBMKLCI-H6U|0.255|0.000|0.000|0.000|0.00|0
06506V|FBMKLCI-H6V|0.255|0.000|0.000|0.000|0.00|0
06506W|FBMKLCI-H6W|0.150|0.155|0.155|+0.005|+3.33|500
06506X|FBMKLCI-H6X|0.115|0.125|0.130|+0.015|+13.04|1,570
06506Y|FBMKLCI-H6Y|0.150|0.000|0.000|0.000|0.00|0
2755|FCW|1.020|1.040|1.050|+0.030|+2.94|976
5222|FGV|1.160|1.170|1.120|-0.040|-3.45|170,580
522255|FGV-C55|0.015|0.000|0.000|0.000|0.00|0
522256|FGV-C56|0.005|0.000|0.000|0.000|0.00|0
522257|FGV-C57|0.005|0.000|0.000|0.000|0.00|0
522258|FGV-C58|0.010|0.000|0.000|0.000|0.00|0
522259|FGV-C59|0.035|0.000|0.000|0.000|0.00|0
522260|FGV-C60|0.010|0.005|0.005|-0.005|-50.00|307
522261|FGV-C61|0.035|0.020|0.020|-0.015|-42.86|20,600
522262|FGV-C62|0.090|0.085|0.080|-0.010|-11.11|16,500
522263|FGV-C63|0.170|0.165|0.155|-0.015|-8.82|53,583
522264|FGV-C64|0.240|0.000|0.000|0.000|0.00|0
522265|FGV-C65|0.180|0.180|0.165|-0.015|-8.33|22,330
522266|FGV-C66|0.310|0.000|0.000|0.000|0.00|0
522267|FGV-C67|0.420|0.405|0.380|-0.040|-9.52|3,015
522268|FGV-C68|0.200|0.000|0.000|0.000|0.00|0
522269|FGV-C69|0.120|0.115|0.120|0.000|0.00|8,000
522270|FGV-C70|0.110|0.085|0.090|-0.020|-18.18|504
522271|FGV-C71|0.050|0.045|0.040|-0.010|-20.00|26,500
522272|FGV-C72|0.045|0.040|0.035|-0.010|-22.22|35,600
522273|FGV-C73|0.090|0.085|0.075|-0.015|-16.67|23,603
6939|FIAMMA|0.495|0.505|0.495|0.000|0.00|506
0149|FIBON|0.465|0.000|0.000|0.000|0.00|0
8605|FIHB|0.405|0.390|0.405|0.000|0.00|1,318
8605PA|FIHB-PA|0.085|0.000|0.000|0.000|0.00|0
8605PB|FIHB-PB|0.080|0.000|0.000|0.000|0.00|0
3107|FIMACOR|1.930|1.950|1.940|+0.010|+0.52|85
0150|FINTEC|0.050|0.055|0.050|0.000|0.00|3,020
0150PA|FINTEC-PA|0.025|0.025|0.025|0.000|0.00|1,330
0150WA|FINTEC-WA|0.015|0.000|0.000|0.000|0.00|0
0150WB|FINTEC-WB|0.020|0.000|0.000|0.000|0.00|0
9318|FITTERS|0.515|0.515|0.515|0.000|0.00|95,887
9318WB|FITTERS-WB|0.030|0.025|0.025|-0.005|-16.67|12,761
5197|FLBHD|1.670|1.660|1.650|-0.020|-1.20|3,427
0116|FOCUS|0.135|0.130|0.135|0.000|0.00|39,715
0116WC|FOCUS-WC|0.095|0.000|0.000|0.000|0.00|0
0157|FOCUSP|0.400|0.390|0.400|0.000|0.00|6,207
5277|FPGROUP|0.315|0.315|0.300|-0.015|-4.76|50,681
9172|FPI|1.820|1.810|1.800|-0.020|-1.10|1,834
7210|FREIGHT|0.570|0.590|0.570|0.000|0.00|4,356
0128|FRONTKN|1.000|1.010|0.995|-0.005|-0.50|187,897
9377|FSBM|0.095|0.000|0.000|0.000|0.00|0
9377WA|FSBM-WA|0.025|0.000|0.000|0.000|0.00|0
7184|G3|0.770|0.770|0.770|0.000|0.00|1,500
7184WA|G3-WA|0.770|0.000|0.000|0.000|0.00|0
9261|GADANG|0.610|0.625|0.615|+0.005|+0.82|26,985
9261WB|GADANG-WB|0.140|0.145|0.140|0.000|0.00|10,257
5398|GAMUDA|2.980|2.990|2.960|-0.020|-0.67|36,943
539851|GAMUDA-C51|0.015|0.000|0.000|0.000|0.00|0
539853|GAMUDA-C53|0.005|0.000|0.000|0.000|0.00|0
539856|GAMUDA-C56|0.030|0.000|0.000|0.000|0.00|0
539857|GAMUDA-C57|0.050|0.000|0.000|0.000|0.00|0
539858|GAMUDA-C58|0.085|0.080|0.080|-0.005|-5.88|602
539859|GAMUDA-C59|0.185|0.000|0.000|0.000|0.00|0
539860|GAMUDA-C60|0.120|0.115|0.115|-0.005|-4.17|10,000
539861|GAMUDA-C61|0.090|0.090|0.090|0.000|0.00|1,500
539862|GAMUDA-C62|0.110|0.000|0.000|0.000|0.00|0
539863|GAMUDA-C63|0.120|0.000|0.000|0.000|0.00|0
5398WE|GAMUDA-WE|0.230|0.235|0.225|-0.005|-2.17|10,677
5209|GASMSIA|2.810|2.820|2.790|-0.020|-0.71|263
5226|GBGAQRS|1.220|1.220|1.240|+0.020|+1.64|48,753
5226WB|GBGAQRS-WB|0.305|0.305|0.305|0.000|0.00|94,523
5102|GCB|3.720|3.720|3.700|-0.020|-0.54|3,171
5102CA|GCB-CA|0.285|0.275|0.275|-0.010|-3.51|390
5102CB|GCB-CB|0.190|0.000|0.000|0.000|0.00|0
5102CC|GCB-CC|0.155|0.000|0.000|0.000|0.00|0
5592|GCE|0.460|0.000|0.000|0.000|0.00|0
0198|GDB|0.260|0.255|0.265|+0.005|+1.92|1,571
0078|GDEX|0.345|0.350|0.335|-0.010|-2.90|48,916
0078WB|GDEX-WB|0.060|0.055|0.060|0.000|0.00|25,910
0580C1|GEELY-C1|0.060|0.050|0.050|-0.010|-16.67|200
0104|GENETEC|1.770|1.780|1.770|0.000|0.00|200
4715|GENM|3.440|3.420|3.430|-0.010|-0.29|55,374
471538|GENM-C38|0.005|0.000|0.000|0.000|0.00|0
471540|GENM-C40|0.150|0.000|0.000|0.000|0.00|0
471541|GENM-C41|0.005|0.000|0.000|0.000|0.00|0
471542|GENM-C42|0.045|0.000|0.000|0.000|0.00|0
471543|GENM-C43|0.050|0.000|0.000|0.000|0.00|0
471544|GENM-C44|0.075|0.000|0.000|0.000|0.00|0
471545|GENM-C45|0.155|0.155|0.155|0.000|0.00|400
471546|GENM-C46|0.135|0.105|0.105|-0.030|-22.22|38,840
471547|GENM-C47|0.135|0.135|0.135|0.000|0.00|3,000
471548|GENM-C48|0.125|0.125|0.125|0.000|0.00|2,000
471549|GENM-C49|0.195|0.195|0.195|0.000|0.00|8,001
471550|GENM-C50|0.180|0.000|0.000|0.000|0.00|0
471551|GENM-C51|0.135|0.000|0.000|0.000|0.00|0
471552|GENM-C52|0.205|0.205|0.205|0.000|0.00|500
471553|GENM-C53|0.130|0.125|0.125|-0.005|-3.85|200
471554|GENM-C54|0.150|0.000|0.000|0.000|0.00|0
2291|GENP|10.400|10.400|10.440|+0.040|+0.38|11,508
2291WA|GENP-WA|2.500|2.500|2.500|0.000|0.00|4,285
3182|GENTING|7.050|7.080|6.980|-0.070|-0.99|36,911
318251|GENTINGC51|0.005|0.000|0.000|0.000|0.00|0
318255|GENTINGC55|0.050|0.000|0.000|0.000|0.00|0
318256|GENTINGC56|0.030|0.000|0.000|0.000|0.00|0
318257|GENTINGC57|0.105|0.100|0.095|-0.010|-9.52|20,700
318258|GENTINGC58|0.075|0.075|0.070|-0.005|-6.67|3,060
318259|GENTINGC59|0.120|0.000|0.000|0.000|0.00|0
318260|GENTINGC60|0.150|0.000|0.000|0.000|0.00|0
318261|GENTINGC61|0.130|0.125|0.120|-0.010|-7.69|4,300
318262|GENTINGC62|0.170|0.155|0.155|-0.015|-8.82|8,881
318263|GENTINGC63|0.155|0.000|0.150|-0.005|-3.23|7,998
318264|GENTINGC64|0.090|0.000|0.000|0.000|0.00|0
7197|GESHEN|0.630|0.630|0.630|0.000|0.00|500
5079|GETS|0.120|0.120|0.120|0.000|0.00|56
0039|GFM|0.495|0.490|0.490|-0.005|-1.01|9,325
0039WC|GFM-WC|0.190|0.190|0.185|-0.005|-2.63|22,763
0021|GHLSYS|1.650|1.700|1.650|0.000|0.00|1,258
0021CA|GHLSYS-CA|0.110|0.000|0.000|0.000|0.00|0
3204|GKENT|1.200|1.230|1.190|-0.010|-0.83|240,378
7382|GLBHD|0.395|0.000|0.000|0.000|0.00|0
5020|GLOMAC|0.375|0.375|0.370|-0.005|-1.33|12,298
5220|GLOTEC|0.470|0.460|0.470|0.000|0.00|6,463
5220WA|GLOTEC-WA|0.075|0.075|0.075|0.000|0.00|151
9962|GMUTUAL|0.295|0.280|0.265|-0.030|-10.17|300
0045|GNB|0.050|0.050|0.050|0.000|0.00|100
1147|GOB|0.185|0.185|0.180|-0.005|-2.70|140
1147WA|GOB-WA|0.010|0.005|0.005|-0.005|-50.00|600
0074|GOCEAN|0.115|0.115|0.110|-0.005|-4.35|3,197
0074WA|GOCEAN-WA|0.005|0.000|0.000|0.000|0.00|0
0828EA|GOLDETF|1.730|1.750|1.750|+0.020|+1.16|1
7192|GOODWAY|0.220|0.225|0.215|-0.005|-2.27|2,140
2135|GOPENG|0.680|0.700|0.700|+0.020|+2.94|83
7096|GPA|0.115|0.115|0.105|-0.010|-8.70|38,708
7096WA|GPA-WA|0.030|0.035|0.035|+0.005|+16.67|106,813
0082|GPACKET|0.315|0.315|0.310|-0.005|-1.59|3,986
0082WB|GPACKET-WB|0.080|0.075|0.075|-0.005|-6.25|1,691
5649|GPHAROS|0.205|0.210|0.235|+0.030|+14.63|8,027
0056|GRANFLO|0.205|0.205|0.205|0.000|0.00|1,460
0136|GREENYB|0.130|0.125|0.125|-0.005|-3.85|58
7077|GSB|0.190|0.190|0.205|+0.015|+7.89|79,335
7022|GTRONIC|1.870|1.890|1.900|+0.030|+1.60|7,720
7022CR|GTRONIC-CR|0.005|0.000|0.000|0.000|0.00|0
7022CS|GTRONIC-CS|0.005|0.000|0.000|0.000|0.00|0
7022CT|GTRONIC-CT|0.005|0.000|0.000|0.000|0.00|0
7022CU|GTRONIC-CU|0.030|0.000|0.000|0.000|0.00|0
7022CV|GTRONIC-CV|0.100|0.000|0.000|0.000|0.00|0
7022CW|GTRONIC-CW|0.060|0.000|0.000|0.000|0.00|0
3247|GUH|0.510|0.530|0.510|0.000|0.00|67
7676|GUNUNG|0.290|0.290|0.330|+0.040|+13.79|4,705
7676WB|GUNUNG-WB|0.045|0.050|0.055|+0.010|+22.22|7,503
1503|GUOCO|0.750|0.745|0.740|-0.010|-1.33|1,083
7668|HAIO|2.790|2.840|2.770|-0.020|-0.72|1,152
7668CG|HAIO-CG|0.075|0.000|0.000|0.000|0.00|0
5151|HALEX|0.750|0.750|0.750|0.000|0.00|115
7253|HANDAL|0.335|0.330|0.330|-0.005|-1.49|510
3034|HAPSENG|9.820|9.800|9.820|0.000|0.00|3,585
3034CX|HAPSENG-CX|0.040|0.000|0.000|0.000|0.00|0
2062|HARBOUR|0.675|0.000|0.000|0.000|0.00|0
2062WC|HARBOUR-WC|0.120|0.070|0.070|-0.050|-41.67|1
5008|HARISON|3.810|0.000|0.000|0.000|0.00|0
7501|HARNLEN|0.650|0.650|0.695|+0.045|+6.92|1,052
5168|HARTA|4.990|4.990|4.750|-0.240|-4.81|145,811
516811|HARTA-C11|0.005|0.000|0.000|0.000|0.00|0
516815|HARTA-C15|0.020|0.000|0.000|0.000|0.00|0
516816|HARTA-C16|0.005|0.010|0.010|+0.005|+100.00|100
516817|HARTA-C17|0.025|0.000|0.000|0.000|0.00|0
516818|HARTA-C18|0.005|0.005|0.005|0.000|0.00|7,950
516819|HARTA-C19|0.055|0.000|0.000|0.000|0.00|0
516820|HARTA-C20|0.080|0.075|0.065|-0.015|-18.75|4,446
516821|HARTA-C21|0.090|0.080|0.075|-0.015|-16.67|2,800
516822|HARTA-C22|0.085|0.070|0.065|-0.020|-23.53|3,030
5187|HBGLOB|0.115|0.115|0.115|0.000|0.00|680
7105|HCK|1.240|1.210|1.240|0.000|0.00|280
7105WA|HCK-WA|0.295|0.000|0.000|0.000|0.00|0
3255|HEIM|22.960|23.000|22.820|-0.140|-0.61|305
5121|HEKTAR|1.160|1.160|1.160|0.000|0.00|5,240
4324|HENGYUAN|6.160|6.140|6.120|-0.040|-0.65|3,139
4324C1|HENGYUAN-C1|0.020|0.000|0.000|0.000|0.00|0
4324C2|HENGYUAN-C2|0.010|0.000|0.000|0.000|0.00|0
4324C4|HENGYUAN-C4|0.030|0.000|0.000|0.000|0.00|0
4324C5|HENGYUAN-C5|0.035|0.000|0.000|0.000|0.00|0
4324C6|HENGYUAN-C6|0.060|0.060|0.060|0.000|0.00|100
4324C7|HENGYUAN-C7|0.215|0.205|0.205|-0.010|-4.65|570
4324C8|HENGYUAN-C8|0.130|0.125|0.125|-0.005|-3.85|500
4324CZ|HENGYUAN-CZ|0.035|0.000|0.000|0.000|0.00|0
5095|HEVEA|0.645|0.650|0.645|0.000|0.00|10,548
5095WB|HEVEA-WB|0.470|0.000|0.000|0.000|0.00|0
3298|HEXZA|0.700|0.695|0.705|+0.005|+0.71|320
0175|HHGROUP|0.120|0.000|0.000|0.000|0.00|0
0160|HHHCORP|0.095|0.095|0.100|+0.005|+5.26|8,780
5072|HIAPTEK|0.290|0.300|0.295|+0.005|+1.72|50,416
5072LA|HIAPTEK-LA|0.305|0.310|0.300|-0.005|-1.64|120
5072WB|HIAPTEK-WB|0.085|0.090|0.085|0.000|0.00|24,463
5199|HIBISCS|1.030|1.020|1.000|-0.030|-2.91|481,180
5199CK|HIBISCS-CK|0.005|0.000|0.000|0.000|0.00|0
5199CM|HIBISCS-CM|0.095|0.080|0.075|-0.020|-21.05|3,099
5199CN|HIBISCS-CN|0.100|0.070|0.070|-0.030|-30.00|10,200
5199CO|HIBISCS-CO|0.080|0.000|0.000|0.000|0.00|0
5199CP|HIBISCS-CP|0.055|0.045|0.045|-0.010|-18.18|1,000
5199CQ|HIBISCS-CQ|0.125|0.115|0.115|-0.010|-8.00|5,560
5199CR|HIBISCS-CR|0.110|0.105|0.095|-0.015|-13.64|6,000
5199CS|HIBISCS-CS|0.110|0.000|0.000|0.000|0.00|0
5199CT|HIBISCS-CT|0.145|0.000|0.000|0.000|0.00|0
5199CU|HIBISCS-CU|0.090|0.085|0.080|-0.010|-11.11|7,800
5199CV|HIBISCS-CV|0.090|0.000|0.000|0.000|0.00|0
5199CW|HIBISCS-CW|0.150|0.080|0.075|-0.075|-50.00|4
5199WC|HIBISCS-WC|0.465|0.460|0.450|-0.015|-3.23|85,758
7033|HIGHTEC|1.280|0.000|0.000|0.000|0.00|0
8443|HIL|0.545|0.560|0.550|+0.005|+0.92|11,489
8443WB|HIL-WB|0.220|0.220|0.240|+0.020|+9.09|443
0505CF|HKEX-CF|0.435|0.000|0.000|0.000|0.00|0
5819|HLBANK|21.080|21.340|20.900|-0.180|-0.85|11,409
5819CN|HLBANK-CN|0.060|0.045|0.045|-0.015|-25.00|400
5819CO|HLBANK-CO|0.160|0.135|0.135|-0.025|-15.63|600
5274|HLCAP|9.600|0.000|0.000|0.000|0.00|0
1082|HLFG|19.500|19.460|19.300|-0.200|-1.03|2,084
3301|HLIND|9.890|9.820|9.920|+0.030|+0.30|664
0188|HLT|0.135|0.135|0.145|+0.010|+7.41|501
0188WA|HLT-WA|0.050|0.000|0.000|0.000|0.00|0
5169|HOHUP|0.385|0.375|0.380|-0.005|-1.30|120
5165|HOKHENG|0.560|0.550|0.535|-0.025|-4.46|400
5160|HOMERIZ|0.615|0.615|0.615|0.000|0.00|960
5160WA|HOMERIZ-WA|0.075|0.060|0.065|-0.010|-13.33|582
7010|HOOVER|0.600|0.000|0.000|0.000|0.00|0
06513U|HSI-C3U|0.045|0.000|0.000|0.000|0.00|0
06513V|HSI-C3V|0.075|0.065|0.070|-0.005|-6.67|151,975
06513W|HSI-C3W|0.260|0.240|0.310|+0.050|+19.23|298,308
06513X|HSI-C3X|0.710|0.680|0.780|+0.070|+9.86|2,140
06513Y|HSI-C3Y|0.110|0.000|0.000|0.000|0.00|0
06513Z|HSI-C3Z|0.140|0.115|0.165|+0.025|+17.86|39,271
06515A|HSI-C5A|0.315|0.285|0.340|+0.025|+7.94|505,135
06515B|HSI-C5B|0.560|0.535|0.620|+0.060|+10.71|42,796
06515C|HSI-C5C|0.170|0.150|0.185|+0.015|+8.82|35,679
06515D|HSI-C5D|0.290|0.265|0.300|+0.010|+3.45|211,019
06515E|HSI-C5E|0.530|0.500|0.580|+0.050|+9.43|45,278
06515F|HSI-C5F|0.840|0.885|0.900|+0.060|+7.14|590
06515G|HSI-C5G|0.430|0.415|0.475|+0.045|+10.47|4,280
06515H|HSI-C5H|0.685|0.725|0.745|+0.060|+8.76|504
06515I|HSI-C5I|1.080|1.070|1.070|-0.010|-0.93|100
06515J|HSI-C5J|0.555|0.555|0.610|+0.055|+9.91|27,981
06515K|HSI-C5K|1.020|0.000|0.000|0.000|0.00|0
06515L|HSI-C5L|1.340|0.000|0.000|0.000|0.00|0
06515M|HSI-C5M|1.680|1.660|1.660|-0.020|-1.19|9
06514V|HSI-H4V|0.005|0.005|0.005|0.000|0.00|27,539
06514W|HSI-H4W|0.005|0.005|0.005|0.000|0.00|37,839
06514X|HSI-H4X|0.030|0.035|0.020|-0.010|-33.33|8,023
06514Y|HSI-H4Y|0.120|0.120|0.075|-0.045|-37.50|156,955
06514Z|HSI-H4Z|0.020|0.020|0.015|-0.005|-25.00|4,540
06516A|HSI-H6A|0.040|0.040|0.035|-0.005|-12.50|14,262
06516B|HSI-H6B|0.090|0.095|0.080|-0.010|-11.11|3,370
06516C|HSI-H6C|0.190|0.195|0.160|-0.030|-15.79|96,473
06516D|HSI-H6D|0.120|0.000|0.000|0.000|0.00|0
06516E|HSI-H6E|0.215|0.205|0.180|-0.035|-16.28|2,580
06516F|HSI-H6F|0.365|0.375|0.320|-0.045|-12.33|364,375
06516G|HSI-H6G|0.620|0.645|0.555|-0.065|-10.48|276,419
06516H|HSI-H6H|0.135|0.135|0.130|-0.005|-3.70|310
06516I|HSI-H6I|0.230|0.225|0.225|-0.005|-2.17|65
06516J|HSI-H6J|0.365|0.365|0.325|-0.040|-10.96|3,870
06516K|HSI-H6K|0.090|0.000|0.000|0.000|0.00|0
06516L|HSI-H6L|0.160|0.000|0.000|0.000|0.00|0
06516M|HSI-H6M|0.260|0.250|0.220|-0.040|-15.38|2,055
06516N|HSI-H6N|0.395|0.390|0.355|-0.040|-10.13|1,937
6238|HSL|1.440|1.440|1.420|-0.020|-1.39|418
5138|HSPLANT|1.860|1.870|1.800|-0.060|-3.23|70
0185|HSSEB|1.070|1.090|1.080|+0.010|+0.93|15,150
0185WA|HSSEB-WA|0.210|0.000|0.000|0.000|0.00|0
5028|HTPADU|0.730|0.735|0.695|-0.035|-4.79|9,814
2739|HUAAN|0.220|0.225|0.220|0.000|0.00|158,684
5062|HUAYANG|0.405|0.400|0.405|0.000|0.00|1,322
7013|HUBLINE|0.055|0.055|0.060|+0.005|+9.09|7,790
7013WA|HUBLINE-WA|0.005|0.000|0.000|0.000|0.00|0
7013WB|HUBLINE-WB|0.010|0.005|0.005|-0.005|-50.00|2,160
7013WC|HUBLINE-WC|0.020|0.000|0.000|0.000|0.00|0
5000|HUMEIND|0.780|0.770|0.750|-0.030|-3.85|4,472
5024|HUPSENG|1.010|1.020|1.020|+0.010|+0.99|794
8478|HWATAI|0.300|0.295|0.320|+0.020|+6.67|1,794
9601|HWGB|0.105|0.105|0.100|-0.005|-4.76|1,946
9601WD|HWGB-WD|0.030|0.000|0.000|0.000|0.00|0
4251|IBHD|0.420|0.425|0.435|+0.015|+3.57|3,206
4251LB|IBHD-LB|0.300|0.315|0.315|+0.015|+5.00|204
4251WA|IBHD-WA|0.010|0.000|0.000|0.000|0.00|0
5084|IBRACO|0.705|0.000|0.000|0.000|0.00|0
5108|ICAP|2.410|2.400|2.400|-0.010|-0.41|1
0502CF|ICBC-CF|0.100|0.000|0.000|0.000|0.00|0
5255|ICON|0.085|0.085|0.085|0.000|0.00|4,129
9687|IDEAL|1.200|1.190|1.120|-0.080|-6.67|3,044
9687WB|IDEAL-WB|0.400|0.400|0.365|-0.035|-8.75|2,135
0174|IDMENSN|0.030|0.000|0.000|0.000|0.00|0
0174WA|IDMENSN-WA|0.005|0.000|0.000|0.000|0.00|0
0023|IFCAMSC|0.440|0.450|0.435|-0.005|-1.14|403,581
5606|IGBB|2.500|2.500|2.510|+0.010|+0.40|182
5606PA|IGBB-PA|1.120|0.000|0.000|0.000|0.00|0
5606PB|IGBB-PB|3.200|0.000|0.000|0.000|0.00|0
5227|IGBREIT|1.750|1.760|1.760|+0.010|+0.57|5,497
5225|IHH|5.880|5.850|5.860|-0.020|-0.34|64,939
522510|IHH-C10|0.135|0.000|0.000|0.000|0.00|0
5225C7|IHH-C7|0.050|0.000|0.000|0.000|0.00|0
5225C8|IHH-C8|0.130|0.120|0.120|-0.010|-7.69|400
5225C9|IHH-C9|0.100|0.000|0.000|0.000|0.00|0
0401GA|IHS046000824|96.000|0.000|0.000|0.000|0.00|0
3336|IJM|1.990|1.980|1.950|-0.040|-2.01|20,713
333620|IJM-C20|0.070|0.000|0.000|0.000|0.00|0
333621|IJM-C21|0.070|0.065|0.065|-0.005|-7.14|286
333622|IJM-C22|0.005|0.000|0.000|0.000|0.00|0
333624|IJM-C24|0.140|0.135|0.135|-0.005|-3.57|200
333625|IJM-C25|0.160|0.155|0.155|-0.005|-3.13|1,200
2216|IJMPLNT|1.700|0.000|0.000|0.000|0.00|0
5268|IKHMAS|0.150|0.150|0.140|-0.010|-6.67|15,832
5614|ILB|0.450|0.000|0.000|0.000|0.00|0
7222|IMASPRO|2.230|2.140|2.230|0.000|0.00|7,254
0166|INARI|1.670|1.660|1.580|-0.090|-5.39|71,939
016621|INARI-C21|0.005|0.000|0.000|0.000|0.00|0
016622|INARI-C22|0.005|0.000|0.000|0.000|0.00|0
016623|INARI-C23|0.005|0.000|0.000|0.000|0.00|0
016624|INARI-C24|0.005|0.000|0.000|0.000|0.00|0
016625|INARI-C25|0.005|0.000|0.000|0.000|0.00|0
016626|INARI-C26|0.055|0.000|0.000|0.000|0.00|0
016627|INARI-C27|0.050|0.050|0.040|-0.010|-20.00|32,784
016628|INARI-C28|0.045|0.040|0.040|-0.005|-11.11|35,300
016629|INARI-C29|0.090|0.080|0.075|-0.015|-16.67|5,000
016630|INARI-C30|0.075|0.065|0.065|-0.010|-13.33|412
016631|INARI-C31|0.145|0.145|0.130|-0.015|-10.34|17,800
016632|INARI-C32|0.155|0.150|0.140|-0.015|-9.68|4,550
016633|INARI-C33|0.310|0.285|0.275|-0.035|-11.29|4
016634|INARI-C34|0.105|0.090|0.090|-0.015|-14.29|4,000
016635|INARI-C35|0.085|0.000|0.000|0.000|0.00|0
016636|INARI-C36|0.105|0.090|0.090|-0.015|-14.29|600
016637|INARI-C37|0.150|0.125|0.125|-0.025|-16.67|242
0166WB|INARI-WB|1.110|1.070|1.050|-0.060|-5.41|953
2607|INCKEN|0.640|0.625|0.625|-0.015|-2.34|4,750
0094|INIX|0.050|0.050|0.050|0.000|0.00|35,982
0094WA|INIX-WA|0.025|0.025|0.025|0.000|0.00|500
0147|INNITY|0.565|0.000|0.000|0.000|0.00|0
6262|INNO|0.740|0.750|0.730|-0.010|-1.35|23
3379|INSAS|0.780|0.780|0.755|-0.025|-3.21|6,549
3379PA|INSAS-PA|0.975|0.975|1.030|+0.055|+5.64|1,995
3379WB|INSAS-WB|0.080|0.075|0.075|-0.005|-6.25|4,150
0192|INTA|0.270|0.270|0.265|-0.005|-1.85|3,103
1961|IOICORP|4.510|4.540|4.510|0.000|0.00|19,638
196119|IOICORP-C19|0.060|0.000|0.000|0.000|0.00|0
5249|IOIPG|1.510|1.510|1.470|-0.040|-2.65|5,279
5249CU|IOIPG-CU|0.045|0.000|0.000|0.000|0.00|0
5249CV|IOIPG-CV|0.195|0.000|0.000|0.000|0.00|0
5673|IPMUDA|0.500|0.000|0.000|0.000|0.00|0
5107|IQGROUP|1.210|1.200|1.180|-0.030|-2.48|506
8834|IREKA|0.570|0.000|0.000|0.000|0.00|0
8834WB|IREKA-WB|0.005|0.000|0.000|0.000|0.00|0
7183|IRETEX|0.125|0.125|0.125|0.000|0.00|1,000
7183LA|IRETEX-LA|0.015|0.015|0.015|0.000|0.00|4,300
7183WA|IRETEX-WA|0.005|0.000|0.000|0.000|0.00|0
0010|IRIS|0.135|0.135|0.130|-0.005|-3.70|79,100
9393|ITRONIC|0.100|0.095|0.095|-0.005|-5.00|3,760
5175|IVORY|0.210|0.210|0.220|+0.010|+4.76|2,220
1589|IWCITY|0.705|0.715|0.740|+0.035|+4.96|878,985
7223|JADI|0.035|0.035|0.035|0.000|0.00|11,080
0024|JAG|0.050|0.050|0.050|0.000|0.00|17,519
0024WA|JAG-WA|0.005|0.000|0.000|0.000|0.00|0
0024WB|JAG-WB|0.010|0.010|0.010|0.000|0.00|8,346
4723|JAKS|0.700|0.700|0.755|+0.055|+7.86|325,176
4723WB|JAKS-WB|0.370|0.370|0.430|+0.060|+16.22|35,597
8648|JASKITA|0.115|0.115|0.120|+0.005|+4.35|1,586
7152|JAYCORP|0.850|0.850|0.865|+0.015|+1.76|129
0058|JCBNEXT|1.520|0.000|0.000|0.000|0.00|0
5161|JCY|0.215|0.215|0.215|0.000|0.00|16,800
8931|JERASIA|0.365|0.370|0.370|+0.005|+1.37|197
9083|JETSON|0.185|0.180|0.180|-0.005|-2.70|1,609
0146|JFTECH|0.770|0.770|0.750|-0.020|-2.60|628
0127|JHM|1.140|1.130|1.140|0.000|0.00|21,280
8923|JIANKUN|0.325|0.000|0.000|0.000|0.00|0
8923WA|JIANKUN-WA|0.075|0.000|0.000|0.000|0.00|0
6769|JKGLAND|0.075|0.080|0.075|0.000|0.00|2,302
03003|JMEDU|0.535|0.000|0.000|0.000|0.00|0
7043|JMR|0.960|0.000|0.000|0.000|0.00|0
3441|JOHAN|0.095|0.090|0.090|-0.005|-5.26|2,992
7167|JOHOTIN|1.380|1.390|1.430|+0.050|+3.62|17,960
4383|JTIASA|0.580|0.580|0.560|-0.020|-3.45|13,325
0111|K1|0.230|0.230|0.225|-0.005|-2.17|18,868
0111WC|K1-WC|0.105|0.100|0.105|0.000|0.00|11,060
0193|KAB|0.215|0.210|0.220|+0.005|+2.33|2,323
8672|KAMDAR|0.290|0.000|0.000|0.000|0.00|0
0170|KANGER|0.045|0.045|0.045|0.000|0.00|1,662
0170WA|KANGER-WA|0.020|0.010|0.020|0.000|0.00|24
5247|KAREX|0.420|0.420|0.415|-0.005|-1.19|53,275
0054|KARYON|0.135|0.130|0.130|-0.005|-3.70|6,444
7216|KAWAN|1.770|0.000|0.000|0.000|0.00|0
3115|KBUNAI|0.080|0.080|0.090|+0.010|+12.50|47,713
3115WC|KBUNAI-WC|0.020|0.015|0.020|0.000|0.00|4,695
7199|KEINHIN|0.630|0.625|0.625|-0.005|-0.79|1
7323|KEN|0.700|0.680|0.675|-0.025|-3.57|230
6483|KENANGA|0.550|0.550|0.540|-0.010|-1.82|473
7161|KERJAYA|1.280|1.280|1.270|-0.010|-0.78|1,003
7161CJ|KERJAYA-CJ|0.020|0.000|0.000|0.000|0.00|0
7161WB|KERJAYA-WB|0.185|0.175|0.180|-0.005|-2.70|2,092
9334|KESM|9.620|9.590|9.440|-0.180|-1.87|179
0143|KEYASIC|0.110|0.110|0.110|0.000|0.00|4,224
6491|KFIMA|1.660|1.660|1.660|0.000|0.00|110
8303|KFM|0.215|0.220|0.195|-0.020|-9.30|2,991
0151|KGB|1.250|1.240|1.250|0.000|0.00|12,763
0151WA|KGB-WA|0.740|0.730|0.725|-0.015|-2.03|3,342
0036|KGROUP|0.040|0.040|0.045|+0.005|+12.50|5,594
0036WB|KGROUP-WB|0.010|0.010|0.010|0.000|0.00|500
6203|KHEESAN|0.640|0.000|0.000|0.000|0.00|0
7062|KHIND|1.730|0.000|0.000|0.000|0.00|0
6211|KIALIM|0.220|0.000|0.000|0.000|0.00|0
3522|KIANJOO|3.060|3.060|3.070|+0.010|+0.33|4,389
5371|KIMHIN|1.180|1.230|1.230|+0.050|+4.24|1
5171|KIMLUN|1.240|0.000|0.000|0.000|0.00|0
5171WA|KIMLUN-WA|0.360|0.000|0.000|0.000|0.00|0
5060|KINSTEL|0.005|0.000|0.000|0.000|0.00|0
5280|KIPREIT|0.850|0.850|0.860|+0.010|+1.18|3,260
9466|KKB|1.180|1.180|1.180|0.000|0.00|1,546
5235SS|KLCC|7.790|7.790|7.790|0.000|0.00|10,016
2445|KLK|24.780|24.780|24.780|0.000|0.00|3,391
2445C2|KLK-C2|0.140|0.000|0.000|0.000|0.00|0
2453|KLUANG|3.600|3.530|3.530|-0.070|-1.94|10
5027|KMLOONG|1.300|1.300|1.300|0.000|0.00|1,184
5027WB|KMLOONG-WB|0.270|0.000|0.000|0.000|0.00|0
7164|KNM|0.105|0.105|0.100|-0.005|-4.76|36,560
7164WB|KNM-WB|0.015|0.015|0.015|0.000|0.00|2,575
5035|KNUSFOR|0.470|0.000|0.000|0.000|0.00|0
6971|KOBAY|1.450|1.440|1.440|-0.010|-0.69|5
7017|KOMARK|0.205|0.200|0.200|-0.005|-2.44|2,120
7017WB|KOMARK-WB|0.030|0.025|0.030|0.000|0.00|6,070
7153|KOSSAN|3.780|3.760|3.660|-0.120|-3.17|17,344
7153CY|KOSSAN-CY|0.010|0.000|0.000|0.000|0.00|0
7153CZ|KOSSAN-CZ|0.150|0.000|0.000|0.000|0.00|0
0002|KOTRA|1.800|0.000|0.000|0.000|0.00|0
5878|KPJ|1.040|1.050|1.030|-0.010|-0.96|45,103
5878CR|KPJ-CR|0.020|0.000|0.000|0.000|0.00|0
5878CS|KPJ-CS|0.030|0.000|0.000|0.000|0.00|0
7130|KPOWER|0.390|0.400|0.400|+0.010|+2.56|10
5843|KPS|1.310|1.310|1.300|-0.010|-0.76|3,312
9121|KPSCB|0.505|0.505|0.500|-0.005|-0.99|780
1996|KRETAM|0.400|0.395|0.390|-0.010|-2.50|2,090
0176|KRONO|0.610|0.610|0.595|-0.015|-2.46|20,644
3476|KSENG|4.720|4.680|4.660|-0.060|-1.27|510
5038|KSL|0.915|0.915|0.930|+0.015|+1.64|16,890
5192|KSSC|0.565|0.550|0.560|-0.005|-0.88|12,184
5172|KSTAR|0.085|0.080|0.080|-0.005|-5.88|355
5172WA|KSTAR-WA|0.010|0.010|0.005|-0.005|-50.00|43,674
4847|KTB|0.065|0.060|0.060|-0.005|-7.69|1,752
0180|KTC|0.170|0.170|0.170|0.000|0.00|28,288
6874|KUB|0.435|0.435|0.420|-0.015|-3.45|22,222
2186|KUCHAI|1.630|1.630|1.620|-0.010|-0.61|502
6572|KWANTAS|0.830|0.000|0.000|0.000|0.00|0
8362|KYM|0.335|0.305|0.335|0.000|0.00|302
3174|L&G|0.150|0.150|0.150|0.000|0.00|3,399
3794|LAFMSIA|2.250|2.250|2.290|+0.040|+1.78|10,001
0018|LAMBO|0.140|0.140|0.145|+0.005|+3.57|44,440
1643|LANDMRK|0.480|0.480|0.470|-0.010|-2.08|1,441
7006|LATITUD|4.080|4.050|4.050|-0.030|-0.74|299
9385|LAYHONG|0.430|0.430|0.420|-0.010|-2.33|41,616
9385WA|LAYHONG-WA|0.190|0.190|0.185|-0.005|-2.63|10,527
9326|LBALUM|0.480|0.480|0.485|+0.005|+1.04|210
8494|LBICAP|0.810|0.000|0.000|0.000|0.00|0
5789|LBS|0.675|0.670|0.670|-0.005|-0.74|5,498
5789PA|LBS-PA|0.840|0.000|0.000|0.000|0.00|0
5789WB|LBS-WB|0.200|0.200|0.200|0.000|0.00|293
5284|LCTITAN|4.390|4.370|4.340|-0.050|-1.14|1,887
9628|LEBTECH|0.855|0.000|0.000|0.000|0.00|0
8079|LEESK|0.950|0.960|0.960|+0.010|+1.05|2,218
5232|LEONFB|0.500|0.500|0.505|+0.005|+1.00|851
8745|LEWEKO|0.145|0.140|0.145|0.000|0.00|71
8745WB|LEWEKO-WB|0.055|0.000|0.000|0.000|0.00|0
7170|LFECORP|0.105|0.000|0.000|0.000|0.00|0
3573|LIENHOE|0.280|0.275|0.280|0.000|0.00|3,120
7089|LIIHEN|2.760|2.760|2.700|-0.060|-2.17|1,181
8486|LIONFIB|0.430|0.435|0.435|+0.005|+1.16|80
4235|LIONIND|0.560|0.585|0.565|+0.005|+0.89|171,541
6645|LITRAK|4.340|4.330|4.360|+0.020|+0.46|2,933
0182|LKL|0.110|0.110|0.110|0.000|0.00|1,501
7126|LONBISC|0.435|0.440|0.425|-0.010|-2.30|38,061
7126WA|LONBISC-WA|0.045|0.040|0.045|0.000|0.00|1,125
8621|LPI|16.200|16.200|16.160|-0.040|-0.25|123
9881|LSTEEL|0.270|0.265|0.285|+0.015|+5.56|2,861
7085|LTKM|1.210|1.200|1.200|-0.010|-0.83|1,165
5068|LUSTER|0.080|0.080|0.080|0.000|0.00|9,430
5068WA|LUSTER-WA|0.030|0.030|0.030|0.000|0.00|1,000
5068WB|LUSTER-WB|0.035|0.035|0.040|+0.005|+14.29|1,615
5143|LUXCHEM|0.550|0.545|0.555|+0.005|+0.91|411
0075|LYC|0.330|0.325|0.340|+0.010|+3.03|2,821
9199|LYSAGHT|2.690|2.690|2.620|-0.070|-2.60|80
5078|M&G|0.080|0.075|0.080|0.000|0.00|2,418
0017|M3TECH|0.045|0.045|0.045|0.000|0.00|22,903
0017WA|M3TECH-WA|0.005|0.000|0.000|0.000|0.00|0
1198|MAA|1.010|1.010|1.010|0.000|0.00|6,778
7617|MAGNA|0.880|0.895|0.880|0.000|0.00|230
7617WB|MAGNA-WB|0.180|0.200|0.200|+0.020|+11.11|5
7087|MAGNI|4.600|4.560|4.560|-0.040|-0.87|243
3859|MAGNUM|2.370|2.360|2.370|0.000|0.00|25,560
8583|MAHSING|0.945|0.940|0.930|-0.015|-1.59|5,157
858317|MAHSING-C17|0.040|0.000|0.000|0.000|0.00|0
858318|MAHSING-C18|0.030|0.000|0.000|0.000|0.00|0
858319|MAHSING-C19|0.030|0.000|0.000|0.000|0.00|0
8583WC|MAHSING-WC|0.020|0.000|0.000|0.000|0.00|0
5264|MALAKOF|0.910|0.915|0.905|-0.005|-0.55|9,050
526412|MALAKOFC12|0.005|0.005|0.005|0.000|0.00|500
526413|MALAKOFC13|0.010|0.000|0.000|0.000|0.00|0
526414|MALAKOFC14|0.005|0.000|0.000|0.000|0.00|0
526415|MALAKOFC15|0.025|0.000|0.000|0.000|0.00|0
526416|MALAKOFC16|0.020|0.000|0.000|0.000|0.00|0
526417|MALAKOFC17|0.090|0.000|0.000|0.000|0.00|0
526418|MALAKOFC18|0.060|0.055|0.055|-0.005|-8.33|10,800
526419|MALAKOFC19|0.125|0.000|0.115|-0.010|-8.00|4,000
526420|MALAKOFC20|0.095|0.000|0.085|-0.010|-10.53|728
526421|MALAKOFC21|0.075|0.075|0.070|-0.005|-6.67|263
4936|MALPAC|0.850|0.000|0.000|0.000|0.00|0
6181|MALTON|0.510|0.510|0.515|+0.005|+0.98|28,390
1058|MANULFE|2.600|2.550|2.550|-0.050|-1.92|100
3514|MARCO|0.130|0.125|0.125|-0.005|-3.85|2,150
5098|MASTEEL|0.495|0.520|0.515|+0.020|+4.04|148,103
7029|MASTER|0.675|0.680|0.675|0.000|0.00|296
0189|MATANG|0.070|0.070|0.070|0.000|0.00|11,728
5236|MATRIX|1.960|1.950|1.960|0.000|0.00|1,055
5236WA|MATRIX-WA|0.140|0.130|0.140|0.000|0.00|454
6012|MAXIS|5.360|5.370|5.360|0.000|0.00|18,708
601210|MAXIS-C10|0.065|0.065|0.065|0.000|0.00|7
6012C8|MAXIS-C8|0.065|0.000|0.000|0.000|0.00|0
6012C9|MAXIS-C9|0.045|0.045|0.045|0.000|0.00|300
5189|MAXWELL|0.010|0.000|0.000|0.000|0.00|0
5189WA|MAXWELL-WA|0.005|0.000|0.000|0.000|0.00|0
1155|MAYBANK|9.530|9.530|9.470|-0.060|-0.63|59,901
115543|MAYBANKC43|0.080|0.075|0.075|-0.005|-6.25|1,170
115544|MAYBANKC44|0.005|0.005|0.005|0.000|0.00|1,805
115545|MAYBANKC45|0.020|0.000|0.000|0.000|0.00|0
115546|MAYBANKC46|0.010|0.005|0.005|-0.005|-50.00|722
115547|MAYBANKC47|0.035|0.000|0.000|0.000|0.00|0
115548|MAYBANKC48|0.030|0.000|0.000|0.000|0.00|0
115549|MAYBANKC49|0.120|0.000|0.000|0.000|0.00|0
115550|MAYBANKC50|0.105|0.000|0.000|0.000|0.00|0
115551|MAYBANKC51|0.110|0.000|0.000|0.000|0.00|0
115552|MAYBANKC52|0.050|0.045|0.045|-0.005|-10.00|5,445
115553|MAYBANKC53|0.150|0.000|0.000|0.000|0.00|0
5077|MAYBULK|0.595|0.595|0.590|-0.005|-0.84|7,790
5886|MBG|0.800|0.800|0.800|0.000|0.00|16
5152|MBL|1.090|1.080|1.100|+0.010|+0.92|1,050
5152WA|MBL-WA|0.390|0.350|0.345|-0.045|-11.54|1,311
5983|MBMR|2.610|2.600|2.610|0.000|0.00|1,759
1171|MBSB|0.995|0.995|0.985|-0.010|-1.01|30,272
117115|MBSB-C15|0.010|0.000|0.000|0.000|0.00|0
117116|MBSB-C16|0.060|0.000|0.000|0.000|0.00|0
117117|MBSB-C17|0.055|0.050|0.050|-0.005|-9.09|18,670
117118|MBSB-C18|0.055|0.000|0.000|0.000|0.00|0
117119|MBSB-C19|0.060|0.000|0.000|0.000|0.00|0
117120|MBSB-C20|0.025|0.000|0.000|0.000|0.00|0
117121|MBSB-C21|0.150|0.000|0.000|0.000|0.00|0
7189|MBWORLD|1.640|1.630|1.630|-0.010|-0.61|30
7004|MCEHLDG|0.600|0.570|0.570|-0.030|-5.00|100
0167|MCLEAN|0.090|0.000|0.000|0.000|0.00|0
0167WB|MCLEAN-WB|0.015|0.000|0.000|0.000|0.00|0
5182|MCT|0.665|0.000|0.000|0.000|0.00|0
5040|MEDAINC|0.300|0.295|0.300|0.000|0.00|5,040
5040WA|MEDAINC-WA|0.095|0.000|0.000|0.000|0.00|0
5040WB|MEDAINC-WB|0.025|0.000|0.000|0.000|0.00|0
5040WC|MEDAINC-WC|0.025|0.000|0.000|0.000|0.00|0
4502|MEDIA|0.510|0.520|0.515|+0.005|+0.98|24,574
5090|MEDIAC|0.230|0.225|0.225|-0.005|-2.17|5,129
0081|MEGASUN|0.160|0.000|0.000|0.000|0.00|0
0081WA|MEGASUN-WA|0.040|0.040|0.040|0.000|0.00|285
5129|MELATI|0.470|0.000|0.000|0.000|0.00|0
3778|MELEWAR|0.130|0.140|0.135|+0.005|+3.85|6,113
3778WB|MELEWAR-WB|0.045|0.045|0.045|0.000|0.00|400
1694|MENANG|0.380|0.380|0.380|0.000|0.00|20
1694WB|MENANG-WB|0.010|0.000|0.000|0.000|0.00|0
0577C2|MENGNIU-C2|0.180|0.000|0.000|0.000|0.00|0
5223|MENTIGA|0.470|0.000|0.000|0.000|0.00|0
8192|MERCURY|0.860|0.000|0.000|0.000|0.00|0
5006|MERGE|1.310|1.320|1.300|-0.010|-0.76|2,331
7234|MESB|0.310|0.295|0.295|-0.015|-4.84|710
7234WA|MESB-WA|0.105|0.105|0.105|0.000|0.00|6,149
0826EA|METFAPA|1.040|0.000|0.000|0.000|0.00|0
0825EA|METFSID|0.806|0.000|0.000|0.000|0.00|0
0827EA|METFUS50|1.065|0.000|0.000|0.000|0.00|0
6149|METROD|1.700|0.000|0.000|0.000|0.00|0
3069|MFCB|3.830|3.840|3.800|-0.030|-0.78|1,047
3069WA|MFCB-WA|1.600|1.600|1.600|0.000|0.00|520
03015|MFGROUP|0.220|0.000|0.000|0.000|0.00|0
3662|MFLOUR|0.715|0.735|0.740|+0.025|+3.50|278,809
3662LA|MFLOUR-LA|1.380|1.380|1.400|+0.020|+1.45|7,445
3662WC|MFLOUR-WC|0.255|0.270|0.315|+0.060|+23.53|105,278
7595|MGB|0.765|0.790|0.760|-0.005|-0.65|5,961
7595WA|MGB-WA|0.250|0.000|0.000|0.000|0.00|0
0155|MGRC|0.260|0.260|0.300|+0.040|+15.38|26
5186|MHB|0.765|0.760|0.750|-0.015|-1.96|2,681
518613|MHB-C13|0.030|0.000|0.000|0.000|0.00|0
5026|MHC|0.600|0.600|0.600|0.000|0.00|1,150
03005|MHCARE|0.540|0.000|0.000|0.000|0.00|0
5286|MI|2.280|2.280|2.180|-0.100|-4.39|8,983
5286CA|MI-CA|0.090|0.000|0.000|0.000|0.00|0
5286CB|MI-CB|0.035|0.000|0.000|0.000|0.00|0
5286CC|MI-CC|0.065|0.000|0.000|0.000|0.00|0
5286CD|MI-CD|0.145|0.125|0.125|-0.020|-13.79|999
5286CE|MI-CE|0.150|0.000|0.000|0.000|0.00|0
5286CF|MI-CF|0.125|0.000|0.000|0.000|0.00|0
0126|MICROLN|0.415|0.000|0.000|0.000|0.00|0
5001|MIECO|0.280|0.280|0.280|0.000|0.00|2,285
0112|MIKROMB|0.260|0.255|0.255|-0.005|-1.92|1,499
7935|MILUX|0.680|0.000|0.000|0.000|0.00|0
5166|MINDA|0.050|0.045|0.050|0.000|0.00|243
7219|MINETEC|0.055|0.055|0.055|0.000|0.00|6,610
7219WA|MINETEC-WA|0.005|0.000|0.000|0.000|0.00|0
5576|MINHO|0.295|0.300|0.300|+0.005|+1.69|674
5576WC|MINHO-WC|0.075|0.060|0.060|-0.015|-20.00|133
3816|MISC|6.770|6.740|6.710|-0.060|-0.89|7,398
381619|MISC-C19|0.175|0.000|0.000|0.000|0.00|0
381620|MISC-C20|0.095|0.000|0.000|0.000|0.00|0
381621|MISC-C21|0.160|0.000|0.000|0.000|0.00|0
9571|MITRA|0.380|0.385|0.375|-0.005|-1.32|101,735
9571WD|MITRA-WD|0.040|0.040|0.040|0.000|0.00|3,900
9571WE|MITRA-WE|0.090|0.090|0.085|-0.005|-5.56|150
8141|MJPERAK|0.215|0.215|0.210|-0.005|-2.33|7,159
6114|MKH|1.340|1.380|1.310|-0.030|-2.24|1,209
8893|MKLAND|0.185|0.190|0.195|+0.010|+5.41|2,769
0085|MLAB|0.045|0.040|0.045|0.000|0.00|5,400
0085WA|MLAB-WA|0.005|0.000|0.000|0.000|0.00|0
0085WB|MLAB-WB|0.010|0.005|0.010|0.000|0.00|2,001
0034|MMAG|0.225|0.225|0.225|0.000|0.00|830
0034PA|MMAG-PA|0.090|0.000|0.000|0.000|0.00|0
0034WB|MMAG-WB|0.075|0.065|0.065|-0.010|-13.33|200
2194|MMCCORP|1.130|1.130|1.130|0.000|0.00|52,810
0113|MMSV|0.965|0.960|0.960|-0.005|-0.52|1,781
0103|MNC|0.040|0.035|0.040|0.000|0.00|60
0103WA|MNC-WA|0.010|0.000|0.000|0.000|0.00|0
6459|MNRB|1.010|1.000|1.010|0.000|0.00|8,064
0156|MPAY|0.125|0.120|0.120|-0.005|-4.00|13,281
6548|MPCORP|0.045|0.000|0.000|0.000|0.00|0
5237|MPHBCAP|1.080|1.080|1.090|+0.010|+0.93|102
3867|MPI|9.900|9.840|9.810|-0.090|-0.91|1,323
5123|MQREIT|1.080|1.080|1.080|0.000|0.00|1,141
0070|MQTECH|0.025|0.025|0.030|+0.005|+20.00|5,450
0070WA|MQTECH-WA|0.005|0.005|0.005|0.000|0.00|8,000
1651|MRCB|0.835|0.835|0.815|-0.020|-2.40|72,953
165134|MRCB-C34|0.005|0.000|0.000|0.000|0.00|0
165135|MRCB-C35|0.005|0.000|0.000|0.000|0.00|0
165136|MRCB-C36|0.065|0.060|0.055|-0.010|-15.38|9,972
165137|MRCB-C37|0.095|0.090|0.090|-0.005|-5.26|13,046
165138|MRCB-C38|0.080|0.065|0.065|-0.015|-18.75|1,400
165139|MRCB-C39|0.135|0.130|0.130|-0.005|-3.70|10,700
165140|MRCB-C40|0.180|0.000|0.000|0.000|0.00|0
165141|MRCB-C41|0.155|0.150|0.140|-0.015|-9.68|3,296
165142|MRCB-C42|0.060|0.060|0.060|0.000|0.00|24,100
165143|MRCB-C43|0.100|0.090|0.090|-0.010|-10.00|4,000
1651WB|MRCB-WB|0.230|0.230|0.230|0.000|0.00|3,580
5916|MSC|0.895|0.895|0.890|-0.005|-0.56|597
5202|MSM|2.000|1.980|1.960|-0.040|-2.00|277
5011|MSNIAGA|1.550|1.540|1.520|-0.030|-1.94|360
5150|MSPORTS|0.010|0.000|0.000|0.000|0.00|0
5924|MTDACPI|0.160|0.150|0.160|0.000|0.00|3,818
0092|MTOUCHE|0.060|0.055|0.055|-0.005|-8.33|2,600
0092WB|MTOUCHE-WB|0.025|0.000|0.000|0.000|0.00|0
0092WC|MTOUCHE-WC|0.015|0.000|0.000|0.000|0.00|0
0043|MTRONIC|0.075|0.075|0.070|-0.005|-6.67|17,847
3883|MUDA|1.870|1.870|1.860|-0.010|-0.53|7,598
5085|MUDAJYA|0.305|0.300|0.325|+0.020|+6.56|14,923
9539|MUH|0.480|0.510|0.520|+0.040|+8.33|331
5703|MUHIBAH|2.950|2.950|2.900|-0.050|-1.69|1,573
3891|MUIIND|0.170|0.170|0.170|0.000|0.00|6,090
3913|MUIPROP|0.175|0.175|0.175|0.000|0.00|7,463
3905|MULPHA|2.520|2.520|2.410|-0.110|-4.37|7,701
5087|MYCRON|0.290|0.300|0.315|+0.025|+8.62|9,251
5087WA|MYCRON-WA|0.110|0.080|0.080|-0.030|-27.27|548
0138|MYEG|1.190|1.200|1.230|+0.040|+3.36|434,943
013844|MYEG-C44|0.115|0.125|0.125|+0.010|+8.70|18,844
013846|MYEG-C46|0.020|0.000|0.000|0.000|0.00|0
013847|MYEG-C47|0.010|0.000|0.000|0.000|0.00|0
013848|MYEG-C48|0.015|0.000|0.000|0.000|0.00|0
013849|MYEG-C49|0.005|0.000|0.000|0.000|0.00|0
013850|MYEG-C50|0.055|0.000|0.000|0.000|0.00|0
013851|MYEG-C51|0.015|0.005|0.005|-0.010|-66.67|1,501
013852|MYEG-C52|0.005|0.000|0.000|0.000|0.00|0
013853|MYEG-C53|0.025|0.000|0.000|0.000|0.00|0
013854|MYEG-C54|0.010|0.005|0.005|-0.005|-50.00|3,050
013855|MYEG-C55|0.100|0.095|0.100|0.000|0.00|57,698
013856|MYEG-C56|0.325|0.315|0.330|+0.005|+1.54|3,000
013857|MYEG-C57|0.165|0.170|0.175|+0.010|+6.06|11,916
013858|MYEG-C58|0.100|0.105|0.110|+0.010|+10.00|20,111
013859|MYEG-C59|0.155|0.160|0.165|+0.010|+6.45|28,067
013860|MYEG-C60|0.175|0.180|0.190|+0.015|+8.57|226
013861|MYEG-C61|0.110|0.110|0.110|0.000|0.00|51,060
013862|MYEG-C62|0.140|0.000|0.000|0.000|0.00|0
013863|MYEG-C63|0.125|0.130|0.130|+0.005|+4.00|21,217
0821EA|MYETFDJ|1.100|0.000|0.000|0.000|0.00|0
0824EA|MYETFID|1.110|0.000|0.000|0.000|0.00|0
03010|MYKRIS|0.300|0.000|0.000|0.000|0.00|0
5275|MYNEWS|1.360|1.370|1.350|-0.010|-0.74|2,630
0041|MYSCM|0.220|0.225|0.220|0.000|0.00|968
0108|N2N|0.915|0.910|0.900|-0.015|-1.64|6,075
0108WB|N2N-WB|0.285|0.280|0.280|-0.005|-1.75|40
0206|NADIBHD|0.265|0.260|0.260|-0.005|-1.89|3,690
5073|NAIM|0.945|0.950|0.895|-0.050|-5.29|56,752
9806|NATWIDE|0.300|0.000|0.000|0.000|0.00|0
4707|NESTLE|147.800|147.600|147.700|-0.100|-0.07|601
4707CE|NESTLE-CE|0.045|0.045|0.040|-0.005|-11.11|4
0020|NETX|0.015|0.015|0.015|0.000|0.00|55,591
0020WB|NETX-WB|0.005|0.000|0.000|0.000|0.00|0
0096|NEXGRAM|0.020|0.015|0.020|0.000|0.00|153,867
0096WA|NEXGRAM-WA|0.005|0.000|0.000|0.000|0.00|0
0096WB|NEXGRAM-WB|0.005|0.000|0.000|0.000|0.00|0
0096WC|NEXGRAM-WC|0.005|0.000|0.000|0.000|0.00|0
7241|NGGB|0.490|0.505|0.480|-0.010|-2.04|14,588
7241WA|NGGB-WA|0.185|0.185|0.180|-0.005|-2.70|24,157
7060|NHFATT|2.700|0.000|0.000|0.000|0.00|0
7139|NICE|0.035|0.035|0.035|0.000|0.00|14,860
7139WB|NICE-WB|0.010|0.000|0.000|0.000|0.00|0
7215|NIHSIN|0.290|0.295|0.285|-0.005|-1.72|20,842
0083|NOTION|0.575|0.580|0.590|+0.015|+2.61|28,906
0083WC|NOTION-WC|0.265|0.245|0.255|-0.010|-3.77|206
0201|NOVA|0.490|0.490|0.485|-0.005|-1.02|607
0026|NOVAMSC|0.125|0.125|0.120|-0.005|-4.00|25,422
5047|NPC|2.000|0.000|0.000|0.000|0.00|0
03006|NPS|0.280|0.000|0.000|0.000|0.00|0
2038|NSOP|3.270|0.000|0.000|0.000|0.00|0
5066|NTPM|0.500|0.500|0.510|+0.010|+2.00|414
5025|NWP|0.060|0.000|0.065|+0.005|+8.33|11,601
4944|NYLEX|0.665|0.660|0.665|0.000|0.00|650
5533|OCB|0.405|0.430|0.430|+0.025|+6.17|88
0172|OCK|0.575|0.580|0.570|-0.005|-0.87|16,724
0172WA|OCK-WA|0.100|0.100|0.095|-0.005|-5.00|6,183
0049|OCNCASH|0.430|0.430|0.430|0.000|0.00|1,200
7071|OCR|0.235|0.235|0.235|0.000|0.00|16,663
7071PA|OCR-PA|0.025|0.020|0.020|-0.005|-20.00|420
7071WC|OCR-WC|0.030|0.000|0.000|0.000|0.00|0
7071WD|OCR-WD|0.050|0.050|0.050|0.000|0.00|2,348
7107|OFI|0.840|0.850|0.830|-0.010|-1.19|5,417
5827|OIB|2.050|0.000|0.000|0.000|0.00|0
7140|OKA|0.660|0.665|0.665|+0.005|+0.76|870
3018|OLYMPIA|0.110|0.105|0.105|-0.005|-4.55|10,178
9008|OMESTI|0.370|0.375|0.380|+0.010|+2.70|3,420
0035|OPCOM|0.650|0.650|0.625|-0.025|-3.85|8,315
0040|OPENSYS|0.330|0.330|0.330|0.000|0.00|4,290
4006|ORIENT|6.780|6.780|6.750|-0.030|-0.44|420
0079|ORION|0.165|0.165|0.165|0.000|0.00|44,006
0079WA|ORION-WA|0.075|0.070|0.070|-0.005|-6.67|17,643
5065|ORNA|1.030|1.030|1.060|+0.030|+2.91|1,434
5053|OSK|0.965|0.965|0.955|-0.010|-1.04|2,186
5053WC|OSK-WC|0.045|0.000|0.000|0.000|0.00|0
0053|OSKVI|0.470|0.475|0.465|-0.005|-1.06|64
0153|OVERSEA|0.120|0.150|0.115|-0.005|-4.17|10
5260|OWG|0.625|0.620|0.610|-0.015|-2.40|4,480
5260WA|OWG-WA|0.170|0.170|0.170|0.000|0.00|2,773
6009|P&O|1.000|1.000|1.000|0.000|0.00|98
7225|PA|0.060|0.060|0.055|-0.005|-8.33|56,060
7225WB|PA-WB|0.040|0.035|0.040|0.000|0.00|120
7052|PADINI|3.770|3.770|3.800|+0.030|+0.80|14,506
7052CV|PADINI-CV|0.005|0.000|0.000|0.000|0.00|0
7052CW|PADINI-CW|0.010|0.000|0.000|0.000|0.00|0
7052CX|PADINI-CX|0.130|0.000|0.000|0.000|0.00|0
7052CY|PADINI-CY|0.090|0.095|0.095|+0.005|+5.56|100
7052CZ|PADINI-CZ|0.125|0.000|0.000|0.000|0.00|0
3719|PANAMY|38.000|38.000|38.060|+0.060|+0.16|249
8419|PANSAR|0.820|0.825|0.805|-0.015|-1.83|8,992
8419WA|PANSAR-WA|0.310|0.305|0.305|-0.005|-1.61|7,989
5125|PANTECH|0.570|0.570|0.560|-0.010|-1.75|12,975
5125WA|PANTECH-WA|0.125|0.110|0.110|-0.015|-12.00|170
5125WB|PANTECH-WB|0.130|0.130|0.130|0.000|0.00|1,010
5022|PAOS|0.330|0.325|0.365|+0.035|+10.61|3,467
5022WA|PAOS-WA|0.045|0.000|0.060|+0.015|+33.33|3,294
9407|PARAGON|0.250|0.255|0.250|0.000|0.00|260
1724|PARAMON|2.120|2.130|2.150|+0.030|+1.42|3,798
5657|PARKSON|0.250|0.250|0.255|+0.005|+2.00|37,389
0022|PARLO|0.080|0.000|0.000|0.000|0.00|0
6912|PASDEC|0.390|0.390|0.390|0.000|0.00|239
6912WA|PASDEC-WA|0.070|0.065|0.070|0.000|0.00|200
0177|PASUKGB|0.050|0.050|0.050|0.000|0.00|42,047
5212|PAVREIT|1.730|1.730|1.750|+0.020|+1.16|58
5041|PBA|1.150|1.140|1.140|-0.010|-0.87|509
1295|PBBANK|24.500|24.480|24.200|-0.300|-1.22|49,858
129526|PBBANK-C26|0.050|0.000|0.000|0.000|0.00|0
129527|PBBANK-C27|0.030|0.030|0.030|0.000|0.00|1,107
129528|PBBANK-C28|0.105|0.000|0.000|0.000|0.00|0
129529|PBBANK-C29|0.170|0.160|0.160|-0.010|-5.88|800
129530|PBBANK-C30|0.125|0.115|0.110|-0.015|-12.00|2
129531|PBBANK-C31|0.165|0.160|0.160|-0.005|-3.03|3,366
6068|PCCS|0.295|0.295|0.335|+0.040|+13.56|83,637
6068WA|PCCS-WA|0.075|0.075|0.090|+0.015|+20.00|38,186
5183|PCHEM|9.250|9.180|9.200|-0.050|-0.54|48,591
518322|PCHEM-C22|0.030|0.000|0.000|0.000|0.00|0
518323|PCHEM-C23|0.015|0.000|0.000|0.000|0.00|0
518324|PCHEM-C24|0.015|0.000|0.000|0.000|0.00|0
518325|PCHEM-C25|0.065|0.000|0.000|0.000|0.00|0
518326|PCHEM-C26|0.120|0.000|0.000|0.000|0.00|0
518327|PCHEM-C27|0.165|0.160|0.160|-0.005|-3.03|50
518328|PCHEM-C28|0.150|0.000|0.000|0.000|0.00|0
518329|PCHEM-C29|0.160|0.150|0.155|-0.005|-3.13|830
518330|PCHEM-C30|0.195|0.000|0.000|0.000|0.00|0
518331|PCHEM-C31|0.100|0.000|0.000|0.000|0.00|0
6254|PDZ|0.040|0.035|0.035|-0.005|-12.50|24,116
6254WB|PDZ-WB|0.010|0.010|0.010|0.000|0.00|500
5622|PEB|0.900|0.845|0.845|-0.055|-6.11|100
5271|PECCA|1.050|1.050|1.060|+0.010|+0.95|7,047
5231|PELIKAN|0.335|0.335|0.340|+0.005|+1.49|292
5133|PENERGY|1.180|1.190|1.080|-0.100|-8.47|23,614
9997|PENSONI|0.400|0.000|0.000|0.000|0.00|0
9997WB|PENSONI-WB|0.125|0.000|0.000|0.000|0.00|0
7160|PENTA|3.450|3.420|3.410|-0.040|-1.16|10,719
7108|PERDANA|0.290|0.295|0.290|0.000|0.00|194,125
0047|PERISAI|0.005|0.000|0.000|0.000|0.00|0
7080|PERMAJU|0.415|0.410|0.410|-0.005|-1.20|117,819
5436|PERSTIM|4.850|4.850|4.880|+0.030|+0.62|30
8311|PESONA|0.210|0.215|0.205|-0.005|-2.38|10,357
8311WC|PESONA-WC|0.045|0.000|0.000|0.000|0.00|0
5219|PESTECH|1.150|1.150|1.140|-0.010|-0.87|6,442
5219CF|PESTECH-CF|0.005|0.000|0.000|0.000|0.00|0
5681|PETDAG|26.240|26.480|25.900|-0.340|-1.30|4,079
5681CW|PETDAG-CW|0.015|0.005|0.005|-0.010|-66.67|13
5681CX|PETDAG-CX|0.090|0.080|0.080|-0.010|-11.11|4
6033|PETGAS|17.740|17.900|17.740|0.000|0.00|3,829
6033CR|PETGAS-CR|0.020|0.000|0.000|0.000|0.00|0
6033CS|PETGAS-CS|0.025|0.020|0.020|-0.005|-20.00|1,519
3042|PETRONM|6.690|6.680|6.630|-0.060|-0.90|1,164
3042CS|PETRONM-CS|0.035|0.000|0.000|0.000|0.00|0
3611|PGLOBE|1.100|0.000|0.000|0.000|0.00|0
3611WA|PGLOBE-WA|0.110|0.000|0.000|0.000|0.00|0
7081|PHARMA|2.400|2.400|2.350|-0.050|-2.08|1,000
4464|PHB|0.025|0.025|0.025|0.000|0.00|8,173
7201|PICORP|0.125|0.125|0.125|0.000|0.00|906
7095|PIE|1.660|1.660|1.610|-0.050|-3.01|5,953
0006|PINEAPP|0.265|0.000|0.000|0.000|0.00|0
1902|PINEPAC|0.320|0.340|0.310|-0.010|-3.13|1,788
0527C2|PINGAN-C2|0.085|0.000|0.000|0.000|0.00|0
0527C3|PINGAN-C3|0.335|0.000|0.000|0.000|0.00|0
7163|PJBUMI|0.295|0.000|0.000|0.000|0.00|0
7163WA|PJBUMI-WA|0.080|0.000|0.000|0.000|0.00|0
0171|PLABS|0.275|0.285|0.280|+0.005|+1.82|3,628
7055|PLB|1.140|0.000|0.000|0.000|0.00|0
5075|PLENITU|1.480|1.480|1.470|-0.010|-0.68|74
9695|PLS|0.950|0.955|0.970|+0.020|+2.11|400
7172|PMBTECH|3.200|3.200|3.200|0.000|0.00|917
7172LA|PMBTECH-LA|3.210|0.000|0.000|0.000|0.00|0
7172WA|PMBTECH-WA|1.490|0.000|0.000|0.000|0.00|0
4081|PMCORP|0.140|0.140|0.145|+0.005|+3.57|350
8869|PMETAL|4.320|4.280|4.310|-0.010|-0.23|14,509
886915|PMETAL-C15|0.055|0.000|0.000|0.000|0.00|0
886916|PMETAL-C16|0.005|0.000|0.000|0.000|0.00|0
886917|PMETAL-C17|0.015|0.000|0.000|0.000|0.00|0
886918|PMETAL-C18|0.120|0.000|0.000|0.000|0.00|0
886919|PMETAL-C19|0.070|0.000|0.000|0.000|0.00|0
886920|PMETAL-C20|0.035|0.025|0.025|-0.010|-28.57|1,300
886921|PMETAL-C21|0.040|0.000|0.000|0.000|0.00|0
886922|PMETAL-C22|0.035|0.000|0.000|0.000|0.00|0
886923|PMETAL-C23|0.180|0.000|0.000|0.000|0.00|0
886924|PMETAL-C24|0.085|0.000|0.000|0.000|0.00|0
886925|PMETAL-C25|0.150|0.000|0.000|0.000|0.00|0
886926|PMETAL-C26|0.120|0.115|0.115|-0.005|-4.17|2,626
886927|PMETAL-C27|0.115|0.115|0.105|-0.010|-8.70|4
8869WC|PMETAL-WC|3.990|3.870|3.900|-0.090|-2.26|621
1287|PMHLDG|0.050|0.045|0.050|0.000|0.00|17,820
6637|PNEPCB|0.540|0.000|0.000|0.000|0.00|0
5080|POHKONG|0.500|0.495|0.485|-0.015|-3.00|401
7088|POHUAT|1.630|1.630|1.590|-0.040|-2.45|2,497
7088WB|POHUAT-WB|0.610|0.615|0.590|-0.020|-3.28|3,459
8117|POLY|0.420|0.425|0.425|+0.005|+1.19|200
03007|POLYMER|0.170|0.000|0.000|0.000|0.00|0
4634|POS|1.900|1.920|1.890|-0.010|-0.53|7,618
463421|POS-C21|0.005|0.000|0.000|0.000|0.00|0
463422|POS-C22|0.005|0.000|0.000|0.000|0.00|0
463423|POS-C23|0.005|0.000|0.000|0.000|0.00|0
463424|POS-C24|0.005|0.000|0.000|0.000|0.00|0
463425|POS-C25|0.005|0.000|0.000|0.000|0.00|0
463426|POS-C26|0.005|0.000|0.000|0.000|0.00|0
463427|POS-C27|0.010|0.000|0.000|0.000|0.00|0
463428|POS-C28|0.005|0.000|0.000|0.000|0.00|0
463429|POS-C29|0.035|0.000|0.000|0.000|0.00|0
463430|POS-C30|0.055|0.000|0.000|0.000|0.00|0
463431|POS-C31|0.085|0.085|0.085|0.000|0.00|10,565
463432|POS-C32|0.045|0.000|0.000|0.000|0.00|0
463433|POS-C33|0.135|0.135|0.120|-0.015|-11.11|4
463434|POS-C34|0.150|0.000|0.000|0.000|0.00|0
4065|PPB|18.500|18.500|18.380|-0.120|-0.65|6,541
4065CJ|PPB-CJ|0.115|0.000|0.000|0.000|0.00|0
7190|PPG|0.415|0.000|0.000|0.000|0.00|0
8273|PPHB|0.570|0.570|0.570|0.000|0.00|707
5204|PRESBHD|0.525|0.530|0.525|0.000|0.00|210,267
9873|PRESTAR|0.715|0.730|0.710|-0.005|-0.70|37,486
7168|PRG|0.745|0.740|0.745|0.000|0.00|4,404
7168WA|PRG-WA|0.365|0.360|0.390|+0.025|+6.85|472
0123|PRIVA|0.065|0.070|0.065|0.000|0.00|4,640
8346|PRKCORP|0.420|0.000|0.000|0.000|0.00|0
8966|PRLEXUS|0.595|0.610|0.590|-0.005|-0.84|587
8966WA|PRLEXUS-WA|0.120|0.100|0.100|-0.020|-16.67|300
5070|PRTASCO|0.250|0.255|0.245|-0.005|-2.00|9,578
5070WA|PRTASCO-WA|0.055|0.050|0.050|-0.005|-9.09|2,444
7145|PSIPTEK|0.125|0.125|0.130|+0.005|+4.00|5,903
7145WA|PSIPTEK-WA|0.025|0.000|0.000|0.000|0.00|0
9598|PTARAS|2.250|2.280|2.260|+0.010|+0.44|270
0038|PTB|0.150|0.000|0.000|0.000|0.00|0
0186|PTRANS|0.235|0.235|0.230|-0.005|-2.13|53,816
0186WA|PTRANS-WA|0.060|0.055|0.060|0.000|0.00|25,807
0007|PUC|0.095|0.100|0.095|0.000|0.00|29,875
0007WA|PUC-WA|0.065|0.060|0.065|0.000|0.00|3,201
6807|PUNCAK|0.390|0.385|0.380|-0.010|-2.56|2,470
7134|PWF|0.850|0.820|0.820|-0.030|-3.53|50
7134WA|PWF-WA|0.390|0.000|0.000|0.000|0.00|0
7123|PWORTH|0.040|0.040|0.040|0.000|0.00|68,546
7237|PWROOT|1.410|1.410|1.410|0.000|0.00|719
7237WA|PWROOT-WA|0.280|0.275|0.280|0.000|0.00|100
0196|QES|0.240|0.235|0.235|-0.005|-2.08|10,735
7084|QL|6.790|6.780|6.830|+0.040|+0.59|6,246
7084CL|QL-CL|0.060|0.000|0.000|0.000|0.00|0
7084CM|QL-CM|0.060|0.060|0.060|0.000|0.00|200
7084CN|QL-CN|0.090|0.085|0.085|-0.005|-5.56|4
7084CO|QL-CO|0.150|0.125|0.125|-0.025|-16.67|4,500
7544|QUALITY|0.815|0.000|0.000|0.000|0.00|0
7498|RALCO|0.220|0.000|0.000|0.000|0.00|0
7498WB|RALCO-WB|0.010|0.000|0.000|0.000|0.00|0
5272|RANHILL|1.290|1.280|1.280|-0.010|-0.78|5,421
7765|RAPID|5.700|5.710|5.670|-0.030|-0.53|26,790
9296|RCECAP|1.680|1.670|1.670|-0.010|-0.60|1,385
5256|REACH|0.300|0.295|0.290|-0.010|-3.33|24,046
5256WA|REACH-WA|0.055|0.050|0.050|-0.005|-9.09|240,940
03002|REDIDEA|0.280|0.000|0.000|0.000|0.00|0
0032|REDTONE|0.230|0.230|0.230|0.000|0.00|5,125
0032LA|REDTONE-LA|0.130|0.000|0.000|0.000|0.00|0
7232|RESINTC|0.300|0.000|0.000|0.000|0.00|0
0173|REV|0.200|0.195|0.195|-0.005|-2.50|980
0200|REVENUE|1.190|1.190|1.180|-0.010|-0.84|8,343
0200WA|REVENUE-WA|0.415|0.410|0.405|-0.010|-2.41|14,570
9946|REX|0.420|0.000|0.000|0.000|0.00|0
0106|REXIT|0.600|0.600|0.600|0.000|0.00|273
0037|RGB|0.215|0.220|0.210|-0.005|-2.33|29,510
9954|RGTBHD|0.180|0.180|0.175|-0.005|-2.78|30,202
9954WB|RGTBHD-WB|0.110|0.110|0.105|-0.005|-4.55|15,929
0202|RGTECH|0.240|0.235|0.240|0.000|0.00|5,521
1066|RHBBANK|5.560|5.570|5.580|+0.020|+0.36|189,590
106610|RHBBANKC10|0.090|0.000|0.000|0.000|0.00|0
106611|RHBBANKC11|0.040|0.050|0.055|+0.015|+37.50|2,800
106612|RHBBANKC12|0.080|0.080|0.085|+0.005|+6.25|14,367
106613|RHBBANKC13|0.070|0.070|0.070|0.000|0.00|8,350
5278|RHONEMA|0.750|0.000|0.000|0.000|0.00|0
9741|ROHAS|0.565|0.570|0.595|+0.030|+5.31|14,496
5113|RSAWIT|0.195|0.195|0.195|0.000|0.00|5,425
5270|RSENA|0.505|0.000|0.000|0.000|0.00|0
7803|RUBEREX|0.460|0.450|0.455|-0.005|-1.09|456
2542|RVIEW|3.020|3.020|3.000|-0.020|-0.66|10
5134|SAB|3.850|0.000|0.000|0.000|0.00|0
8567|SALCON|0.255|0.260|0.255|0.000|0.00|10,418
8567WB|SALCON-WB|0.080|0.080|0.080|0.000|0.00|30,096
0183|SALUTE|0.380|0.380|0.380|0.000|0.00|2,215
9822|SAM|8.010|8.000|7.920|-0.090|-1.12|7,089
5147|SAMCHEM|0.620|0.615|0.605|-0.015|-2.42|4,930
9113|SANBUMI|0.330|0.335|0.335|+0.005|+1.52|4,859
0541C9|SANDS-C9|0.115|0.000|0.000|0.000|0.00|0
0133|SANICHI|0.055|0.055|0.055|0.000|0.00|19,594
0133WC|SANICHI-WC|0.005|0.000|0.000|0.000|0.00|0
0133WD|SANICHI-WD|0.005|0.000|0.000|0.000|0.00|0
0133WE|SANICHI-WE|0.020|0.000|0.000|0.000|0.00|0
7811|SAPIND|0.710|0.000|0.000|0.000|0.00|0
5218|SAPNRG|0.310|0.315|0.315|+0.005|+1.61|858,605
5218PA|SAPNRG-PA|0.380|0.380|0.370|-0.010|-2.63|250
5218WA|SAPNRG-WA|0.100|0.100|0.100|0.000|0.00|436,861
521868|SAPNRGC68|0.005|0.000|0.000|0.000|0.00|0
521869|SAPNRGC69|0.010|0.000|0.000|0.000|0.00|0
521870|SAPNRGC70|0.055|0.000|0.000|0.000|0.00|0
521871|SAPNRGC71|0.005|0.000|0.000|0.000|0.00|0
521872|SAPNRGC72|0.005|0.005|0.020|+0.015|+300.00|2,090
521873|SAPNRGC73|0.030|0.000|0.000|0.000|0.00|0
521874|SAPNRGC74|0.030|0.000|0.000|0.000|0.00|0
521875|SAPNRGC75|0.080|0.075|0.080|0.000|0.00|40,180
521876|SAPNRGC76|0.075|0.070|0.075|0.000|0.00|23,100
4596|SAPRES|0.620|0.635|0.650|+0.030|+4.84|62
5252|SASBADI|0.240|0.240|0.230|-0.010|-4.17|22,964
5157|SAUDEE|0.300|0.300|0.305|+0.005|+1.67|140
5157WA|SAUDEE-WA|0.115|0.000|0.000|0.000|0.00|0
2569|SBAGAN|3.000|2.960|2.960|-0.040|-1.33|30
5207|SBCCORP|0.505|0.000|0.500|-0.005|-0.99|860
5170|SCABLE|0.365|0.385|0.405|+0.040|+10.96|22,023
0109|SCBUILD|0.025|0.025|0.025|0.000|0.00|5,100
0109WB|SCBUILD-WB|0.005|0.000|0.000|0.000|0.00|0
0158|SCC|0.520|0.520|0.520|0.000|0.00|43
7247|SCGM|1.180|1.190|1.190|+0.010|+0.85|1,163
7247WA|SCGM-WA|0.120|0.000|0.000|0.000|0.00|0
0161|SCH|0.130|0.135|0.140|+0.010|+7.69|280
0161WA|SCH-WA|0.040|0.040|0.040|0.000|0.00|5,910
9237|SCIB|0.500|0.500|0.520|+0.020|+4.00|180
0099|SCICOM|1.200|1.200|1.130|-0.070|-5.83|2,770
4731|SCIENTX|8.590|8.430|8.520|-0.070|-0.81|2,604
4731CF|SCIENTX-CF|0.070|0.065|0.060|-0.010|-14.29|4
7239|SCNWOLF|0.175|0.000|0.000|0.000|0.00|0
7158|SCOMI|0.045|0.045|0.045|0.000|0.00|45,517
7158WB|SCOMI-WB|0.010|0.010|0.010|0.000|0.00|75
7045|SCOMIES|0.050|0.055|0.060|+0.010|+20.00|15,964
0001|SCOMNET|0.790|0.810|0.760|-0.030|-3.80|11,133
0028|SCOPE|0.170|0.175|0.190|+0.020|+11.76|17,657
0028WA|SCOPE-WA|0.050|0.050|0.055|+0.005|+10.00|3,331
2224|SDRED|0.655|0.650|0.655|0.000|0.00|827
7073|SEACERA|0.370|0.370|0.380|+0.010|+2.70|411,549
7073WB|SEACERA-WB|0.005|0.000|0.000|0.000|0.00|0
7073WC|SEACERA-WC|0.045|0.045|0.050|+0.005|+11.11|31,300
4286|SEAL|0.360|0.335|0.350|-0.010|-2.78|1,117
5145|SEALINK|0.140|0.145|0.130|-0.010|-7.14|12,139
5163|SEB|0.445|0.445|0.445|0.000|0.00|1,179
0178|SEDANIA|0.120|0.000|0.000|0.000|0.00|0
7053|SEEHUP|0.920|0.910|0.910|-0.010|-1.09|10
03009|SEERS|0.100|0.000|0.000|0.000|0.00|0
9792|SEG|0.630|0.630|0.630|0.000|0.00|583
5250|SEM|1.460|1.460|1.440|-0.020|-1.37|2,548
5205|SENDAI|0.600|0.600|0.555|-0.045|-7.50|131,698
5279|SERBADK|3.880|3.880|3.820|-0.060|-1.55|15,350
5279CN|SERBADK-CN|0.030|0.010|0.010|-0.020|-66.67|180
5279CO|SERBADK-CO|0.020|0.000|0.000|0.000|0.00|0
5279CP|SERBADK-CP|0.090|0.000|0.000|0.000|0.00|0
5279CQ|SERBADK-CQ|0.170|0.000|0.000|0.000|0.00|0
5279CR|SERBADK-CR|0.160|0.000|0.000|0.000|0.00|0
5279CS|SERBADK-CS|0.105|0.090|0.090|-0.015|-14.29|200
7180|SERNKOU|0.520|0.500|0.500|-0.020|-3.85|90
7180WA|SERNKOU-WA|0.210|0.000|0.000|0.000|0.00|0
0055|SERSOL|0.100|0.090|0.090|-0.010|-10.00|8
0055WA|SERSOL-WA|0.045|0.000|0.000|0.000|0.00|0
7165|SGB|0.800|0.850|0.840|+0.040|+5.00|56
7165PA|SGB-PA|0.250|0.000|0.000|0.000|0.00|0
7165WA|SGB-WA|0.225|0.225|0.225|0.000|0.00|145
5517|SHANG|5.670|5.590|5.640|-0.030|-0.53|900
4316|SHCHAN|0.370|0.370|0.370|0.000|0.00|20
7412|SHH|0.500|0.510|0.500|0.000|0.00|150
6017|SHL|2.360|2.360|2.400|+0.040|+1.69|422
5181|SIGGAS|0.865|0.865|0.865|0.000|0.00|960
7246|SIGN|0.400|0.400|0.395|-0.005|-1.25|2,456
7246WA|SIGN-WA|0.070|0.000|0.000|0.000|0.00|0
4197|SIME|2.180|2.180|2.150|-0.030|-1.38|78,876
419725|SIME-C25|0.030|0.000|0.000|0.000|0.00|0
419727|SIME-C27|0.005|0.000|0.000|0.000|0.00|0
419728|SIME-C28|0.015|0.000|0.000|0.000|0.00|0
419729|SIME-C29|0.040|0.000|0.000|0.000|0.00|0
419730|SIME-C30|0.040|0.035|0.035|-0.005|-12.50|1,030
419731|SIME-C31|0.040|0.000|0.000|0.000|0.00|0
419732|SIME-C32|0.090|0.075|0.080|-0.010|-11.11|23,190
419733|SIME-C33|0.055|0.050|0.045|-0.010|-18.18|114
5285|SIMEPLT|5.100|5.050|5.100|0.000|0.00|20,298
5285CH|SIMEPLT-CH|0.030|0.000|0.000|0.000|0.00|0
5285CI|SIMEPLT-CI|0.045|0.000|0.000|0.000|0.00|0
5285CJ|SIMEPLT-CJ|0.100|0.095|0.095|-0.005|-5.00|999
5288|SIMEPROP|1.050|1.050|1.030|-0.020|-1.90|12,176
5288CG|SIMEPROP-CG|0.020|0.000|0.000|0.000|0.00|0
5288CH|SIMEPROP-CH|0.050|0.000|0.000|0.000|0.00|0
5288CI|SIMEPROP-CI|0.005|0.000|0.000|0.000|0.00|0
5288CJ|SIMEPROP-CJ|0.020|0.000|0.000|0.000|0.00|0
5288CK|SIMEPROP-CK|0.045|0.040|0.035|-0.010|-22.22|2
5288CL|SIMEPROP-CL|0.055|0.060|0.055|0.000|0.00|1,400
8532|SINOTOP|0.300|0.280|0.280|-0.020|-6.67|155
9431|SJC|0.610|0.000|0.000|0.000|0.00|0
7115|SKBSHUT|0.620|0.000|0.615|-0.005|-0.81|11
7155|SKPRES|1.300|1.310|1.300|0.000|0.00|11,415
7155CN|SKPRES-CN|0.040|0.000|0.000|0.000|0.00|0
7155CO|SKPRES-CO|0.045|0.045|0.045|0.000|0.00|12,813
7155CP|SKPRES-CP|0.055|0.000|0.000|0.000|0.00|0
7155CQ|SKPRES-CQ|0.150|0.000|0.000|0.000|0.00|0
03008|SLIC|0.420|0.000|0.000|0.000|0.00|0
7248|SLP|1.250|1.230|1.240|-0.010|-0.80|650
9776|SMCAP|0.160|0.160|0.160|0.000|0.00|5,053
9776WC|SMCAP-WC|0.080|0.075|0.075|-0.005|-6.25|220
0203|SMETRIC|0.520|0.540|0.555|+0.035|+6.73|91,195
4375|SMI|0.165|0.000|0.000|0.000|0.00|0
7132|SMISCOR|0.435|0.000|0.000|0.000|0.00|0
0117|SMRT|0.120|0.120|0.120|0.000|0.00|900
0169|SMTRACK|0.070|0.070|0.070|0.000|0.00|2,456
7943|SNC|0.240|0.230|0.240|0.000|0.00|137
5213|SNTORIA|0.410|0.000|0.000|0.000|0.00|0
5213WA|SNTORIA-WA|0.005|0.000|0.000|0.000|0.00|0
5213WB|SNTORIA-WB|0.055|0.000|0.000|0.000|0.00|0
5242|SOLID|0.310|0.300|0.290|-0.020|-6.45|61
5242WA|SOLID-WA|0.075|0.075|0.080|+0.005|+6.67|498
0093|SOLUTN|0.090|0.090|0.095|+0.005|+5.56|4,219
0093WA|SOLUTN-WA|0.030|0.030|0.030|0.000|0.00|87
5126|SOP|2.600|2.600|2.590|-0.010|-0.38|100
0656CF|SP500-CF|0.025|0.000|0.000|0.000|0.00|0
0656CG|SP500-CG|0.675|0.670|0.690|+0.015|+2.22|3,490
0656CH|SP500-CH|1.440|0.000|0.000|0.000|0.00|0
0656CI|SP500-CI|0.990|0.745|0.755|-0.235|-23.74|500
0656HF|SP500-HF|0.025|0.005|0.005|-0.020|-80.00|20
0656HG|SP500-HG|0.290|0.285|0.270|-0.020|-6.90|5,677
0656HH|SP500-HH|0.390|0.355|0.370|-0.020|-5.13|2,048
0656HI|SP500-HI|0.790|0.995|1.010|+0.220|+27.85|500
1783|SPB|6.230|6.220|6.220|-0.010|-0.16|1,255
7103|SPRITZER|2.180|0.000|0.000|0.000|0.00|0
8664|SPSETIA|2.250|2.260|2.250|0.000|0.00|13,152
866410|SPSETIA-C10|0.010|0.000|0.000|0.000|0.00|0
866411|SPSETIA-C11|0.070|0.000|0.000|0.000|0.00|0
866412|SPSETIA-C12|0.105|0.000|0.000|0.000|0.00|0
866413|SPSETIA-C13|0.080|0.085|0.085|+0.005|+6.25|3,348
866414|SPSETIA-C14|0.130|0.130|0.125|-0.005|-3.85|4
866415|SPSETIA-C15|0.150|0.000|0.000|0.000|0.00|0
866416|SPSETIA-C16|0.080|0.000|0.000|0.000|0.00|0
8664C9|SPSETIA-C9|0.005|0.000|0.000|0.000|0.00|0
8664PA|SPSETIA-PA|0.900|0.900|0.900|0.000|0.00|2,020
8664PB|SPSETIA-PB|0.810|0.795|0.800|-0.010|-1.23|62
0129|SRIDGE|0.230|0.225|0.225|-0.005|-2.17|5,000
0129WA|SRIDGE-WA|0.070|0.065|0.060|-0.010|-14.29|7,433
5665|SSTEEL|0.840|0.840|0.845|+0.005|+0.60|10,117
5665LB|SSTEEL-LB|0.760|0.000|0.000|0.000|0.00|0
6084|STAR|0.785|0.785|0.775|-0.010|-1.27|2,494
0140|STERPRO|0.180|0.175|0.170|-0.010|-5.56|1,407
0140WA|STERPRO-WA|0.040|0.000|0.000|0.000|0.00|0
7143|STONE|0.135|0.130|0.130|-0.005|-3.70|1,830
7143WA|STONE-WA|0.015|0.015|0.015|0.000|0.00|1,000
0080|STRAITS|0.240|0.235|0.235|-0.005|-2.08|41,198
0080WA|STRAITS-WA|0.125|0.125|0.120|-0.005|-4.00|16,970
6904|SUBUR|0.530|0.000|0.000|0.000|0.00|0
7207|SUCCESS|0.735|0.735|0.730|-0.005|-0.68|4,560
9865|SUIWAH|2.670|2.670|2.670|0.000|0.00|154
1201|SUMATEC|0.010|0.010|0.010|0.000|0.00|5,600
1201WA|SUMATEC-WA|0.005|0.000|0.000|0.000|0.00|0
5263|SUNCON|1.780|1.770|1.790|+0.010|+0.56|6,104
5263CT|SUNCON-CT|0.005|0.000|0.000|0.000|0.00|0
5263CU|SUNCON-CU|0.055|0.000|0.000|0.000|0.00|0
5263CV|SUNCON-CV|0.030|0.000|0.000|0.000|0.00|0
5176|SUNREIT|1.750|1.760|1.770|+0.020|+1.14|5,474
3743|SUNSURIA|0.650|0.620|0.625|-0.025|-3.85|63
3743WA|SUNSURIA-WA|0.055|0.000|0.040|-0.015|-27.27|2,000
5211|SUNWAY|1.620|1.630|1.650|+0.030|+1.85|16,143
5211CR|SUNWAY-CR|0.035|0.000|0.000|0.000|0.00|0
5211CS|SUNWAY-CS|0.035|0.010|0.010|-0.025|-71.43|100
5211WB|SUNWAY-WB|0.275|0.270|0.280|+0.005|+1.82|3,360
0148|SUNZEN|0.170|0.170|0.165|-0.005|-2.94|9,240
0148WA|SUNZEN-WA|0.055|0.055|0.050|-0.005|-9.09|3,740
0148WB|SUNZEN-WB|0.045|0.035|0.055|+0.010|+22.22|1,250
7235|SUPERLN|1.360|1.360|1.350|-0.010|-0.74|1,113
7106|SUPERMX|1.520|1.520|1.480|-0.040|-2.63|56,024
710648|SUPERMX-C48|0.005|0.000|0.000|0.000|0.00|0
710650|SUPERMX-C50|0.005|0.000|0.000|0.000|0.00|0
710651|SUPERMX-C51|0.005|0.000|0.000|0.000|0.00|0
710652|SUPERMX-C52|0.020|0.015|0.025|+0.005|+25.00|2,820
710653|SUPERMX-C53|0.005|0.005|0.005|0.000|0.00|1,850
710654|SUPERMX-C54|0.095|0.000|0.000|0.000|0.00|0
710655|SUPERMX-C55|0.045|0.040|0.035|-0.010|-22.22|12,581
710656|SUPERMX-C56|0.105|0.105|0.095|-0.010|-9.52|14,172
710657|SUPERMX-C57|0.100|0.000|0.000|0.000|0.00|0
710658|SUPERMX-C58|0.060|0.060|0.060|0.000|0.00|200
710659|SUPERMX-C59|0.085|0.085|0.080|-0.005|-5.88|680
710660|SUPERMX-C60|0.040|0.000|0.000|0.000|0.00|0
710661|SUPERMX-C61|0.045|0.000|0.000|0.000|0.00|0
710662|SUPERMX-C62|0.075|0.070|0.065|-0.010|-13.33|18,249
710663|SUPERMX-C63|0.070|0.000|0.000|0.000|0.00|0
710664|SUPERMX-C64|0.095|0.085|0.085|-0.010|-10.53|400
710665|SUPERMX-C65|0.105|0.095|0.095|-0.010|-9.52|10,000
710666|SUPERMX-C66|0.150|0.085|0.085|-0.065|-43.33|5,032
03018|SUPREME|0.680|0.000|0.000|0.000|0.00|0
6521|SURIA|1.420|1.440|1.420|0.000|0.00|127
5135|SWKPLNT|1.560|0.000|0.000|0.000|0.00|0
7186|SWSCAP|0.655|0.630|0.650|-0.005|-0.76|202
7186WB|SWSCAP-WB|0.070|0.060|0.060|-0.010|-14.29|62
9717|SYCAL|0.225|0.230|0.230|+0.005|+2.22|600
7082|SYF|0.225|0.225|0.220|-0.005|-2.22|2,079
7082WB|SYF-WB|0.010|0.010|0.010|0.000|0.00|3,000
1538|SYMLIFE|0.395|0.395|0.395|0.000|0.00|2,855
1538WB|SYMLIFE-WB|0.035|0.030|0.035|0.000|0.00|510
5173|SYSCORP|0.310|0.305|0.305|-0.005|-1.61|650
0050|SYSTECH|0.230|0.225|0.225|-0.005|-2.17|950
7228|T7GLOBAL|0.540|0.540|0.505|-0.035|-6.48|76,850
4898|TA|0.615|0.615|0.615|0.000|0.00|5,589
5012|TAANN|2.450|2.450|2.420|-0.030|-1.22|1,045
5012CM|TAANN-CM|0.080|0.000|0.000|0.000|0.00|0
4022|TADMAX|0.235|0.230|0.235|0.000|0.00|2,574
7211|TAFI|0.300|0.000|0.000|0.000|0.00|0
5158|TAGB|0.250|0.250|0.250|0.000|0.00|2,078
6139|TAKAFUL|4.520|4.500|4.510|-0.010|-0.22|15,349
6139CC|TAKAFUL-CC|0.060|0.070|0.070|+0.010|+16.67|4
6139CD|TAKAFUL-CD|0.150|0.000|0.135|-0.015|-10.00|8,000
2259|TALAMT|0.035|0.035|0.035|0.000|0.00|46,957
8524|TALIWRK|0.865|0.865|0.820|-0.045|-5.20|18,607
8524CE|TALIWRK-CE|0.130|0.130|0.130|0.000|0.00|799
5191|TAMBUN|0.770|0.770|0.765|-0.005|-0.65|723
2429|TANCO|0.050|0.050|0.050|0.000|0.00|1,040
2429WB|TANCO-WB|0.025|0.000|0.000|0.000|0.00|0
5149|TAS|0.265|0.260|0.260|-0.005|-1.89|50
5140|TASCO|1.410|1.410|1.400|-0.010|-0.71|140
4448|TASEK|4.950|5.000|4.980|+0.030|+0.61|113
4448P|TASEK-PA|10.100|0.000|0.000|0.000|0.00|0
7097|TAWIN|0.455|0.465|0.460|+0.005|+1.10|5,108
4405|TCHONG|1.690|1.680|1.640|-0.050|-2.96|635
0132|TDEX|0.075|0.070|0.075|0.000|0.00|1,600
2054|TDM|0.185|0.180|0.180|-0.005|-2.70|14,852
0084|TECFAST|0.335|0.335|0.320|-0.015|-4.48|3,910
7439|TECGUAN|1.210|1.120|1.150|-0.060|-4.96|811
5289|TECHBND|0.765|0.770|0.765|0.000|0.00|6,512
7200|TEKSENG|0.245|0.245|0.240|-0.005|-2.04|2,460
7200WA|TEKSENG-WA|0.060|0.060|0.060|0.000|0.00|60
5347|TENAGA|12.700|12.720|12.620|-0.080|-0.63|41,807
534747|TENAGA-C47|0.050|0.000|0.000|0.000|0.00|0
534749|TENAGA-C49|0.005|0.000|0.000|0.000|0.00|0
534750|TENAGA-C50|0.045|0.000|0.000|0.000|0.00|0
534751|TENAGA-C51|0.035|0.035|0.025|-0.010|-28.57|4,075
534752|TENAGA-C52|0.040|0.000|0.000|0.000|0.00|0
534753|TENAGA-C53|0.055|0.050|0.050|-0.005|-9.09|811
534754|TENAGA-C54|0.110|0.105|0.105|-0.005|-4.55|9,302
0546C7|TENCENT-C7|0.160|0.185|0.185|+0.025|+15.63|350
7252|TEOSENG|1.220|1.220|1.200|-0.020|-1.64|9,127
7252WA|TEOSENG-WA|0.235|0.000|0.000|0.000|0.00|0
8702|TEXCHEM|0.640|0.640|0.650|+0.010|+1.56|53
0089|TEXCYCL|0.535|0.540|0.540|+0.005|+0.93|285
0145|TFP|0.095|0.000|0.000|0.000|0.00|0
9369|TGL|0.950|0.960|0.960|+0.010|+1.05|30
7034|TGUAN|2.650|2.650|2.640|-0.010|-0.38|1,760
7034LA|TGUAN-LA|2.550|0.000|0.000|0.000|0.00|0
7034WA|TGUAN-WA|1.070|1.070|1.100|+0.030|+2.80|150
9075|THETA|0.445|0.430|0.445|0.000|0.00|5,825
7206|THHEAVY|0.055|0.055|0.055|0.000|0.00|36,330
7206PB|THHEAVY-PB|0.015|0.000|0.000|0.000|0.00|0
5112|THPLANT|0.510|0.510|0.505|-0.005|-0.98|741
7889|THRIVEN|0.215|0.215|0.210|-0.005|-2.33|3,603
7889WB|THRIVEN-WB|0.065|0.055|0.060|-0.005|-7.69|1,226
7374|TIENWAH|1.340|1.350|1.360|+0.020|+1.49|221
7079|TIGER|0.075|0.075|0.080|+0.005|+6.67|19,915
7079WC|TIGER-WC|0.020|0.000|0.000|0.000|0.00|0
5031|TIMECOM|8.600|8.610|8.600|0.000|0.00|18,580
7854|TIMWELL|0.640|0.000|0.000|0.000|0.00|0
5239|TITIJYA|0.320|0.320|0.315|-0.005|-1.56|6,224
5239PA|TITIJYA-PA|0.035|0.000|0.000|0.000|0.00|0
4863|TM|3.180|3.180|3.210|+0.030|+0.94|52,954
486327|TM-C27|0.005|0.000|0.000|0.000|0.00|0
486328|TM-C28|0.010|0.000|0.000|0.000|0.00|0
486329|TM-C29|0.005|0.000|0.000|0.000|0.00|0
486330|TM-C30|0.045|0.000|0.000|0.000|0.00|0
486331|TM-C31|0.050|0.000|0.000|0.000|0.00|0
486332|TM-C32|0.015|0.000|0.000|0.000|0.00|0
486333|TM-C33|0.065|0.000|0.000|0.000|0.00|0
486334|TM-C34|0.100|0.100|0.100|0.000|0.00|8
486335|TM-C35|0.120|0.120|0.120|0.000|0.00|9,500
486336|TM-C36|0.205|0.000|0.000|0.000|0.00|0
486337|TM-C37|0.375|0.380|0.380|+0.005|+1.33|708
486338|TM-C38|0.200|0.200|0.200|0.000|0.00|4,000
486339|TM-C39|0.245|0.245|0.250|+0.005|+2.04|5,400
486340|TM-C40|0.160|0.160|0.160|0.000|0.00|12,000
0101|TMCLIFE|0.730|0.730|0.730|0.000|0.00|3,100
0101WB|TMCLIFE-WB|0.020|0.020|0.020|0.000|0.00|2,960
8397|TNLOGIS|0.620|0.620|0.610|-0.010|-1.61|574
7218|TOCEAN|0.745|0.770|0.770|+0.025|+3.36|70
7230|TOMEI|0.530|0.530|0.550|+0.020|+3.77|52
7285|TOMYPAK|0.485|0.475|0.490|+0.005|+1.03|7,136
7285WA|TOMYPAK-WA|0.160|0.170|0.170|+0.010|+6.25|1,850
5010|TONGHER|3.600|3.590|3.580|-0.020|-0.56|392
7113|TOPGLOV|4.590|4.600|4.450|-0.140|-3.05|160,864
711333|TOPGLOV-C33|0.005|0.000|0.000|0.000|0.00|0
711340|TOPGLOV-C40|0.010|0.000|0.000|0.000|0.00|0
711341|TOPGLOV-C41|0.010|0.000|0.000|0.000|0.00|0
711342|TOPGLOV-C42|0.030|0.025|0.020|-0.010|-33.33|23,876
711343|TOPGLOV-C43|0.045|0.035|0.035|-0.010|-22.22|1,650
711344|TOPGLOV-C44|0.035|0.025|0.025|-0.010|-28.57|17,080
711345|TOPGLOV-C45|0.095|0.095|0.085|-0.010|-10.53|7,342
711346|TOPGLOV-C46|0.090|0.085|0.080|-0.010|-11.11|46,001
711347|TOPGLOV-C47|0.105|0.100|0.090|-0.015|-14.29|920
711348|TOPGLOV-C48|0.080|0.075|0.070|-0.010|-12.50|1,202
711349|TOPGLOV-C49|0.150|0.140|0.135|-0.015|-10.00|19,200
711350|TOPGLOV-C50|0.110|0.000|0.000|0.000|0.00|0
03013|TOPVISN|0.390|0.000|0.000|0.000|0.00|0
7173|TOYOINK|0.640|0.635|0.640|0.000|0.00|320
7173WB|TOYOINK-WB|0.100|0.095|0.095|-0.005|-5.00|208
7176|TPC|0.420|0.410|0.410|-0.010|-2.38|2,129
7176WA|TPC-WA|0.210|0.200|0.200|-0.010|-4.76|842
5054|TRC|0.535|0.535|0.550|+0.015|+2.80|129,220
0199|TRIMODE|0.435|0.415|0.425|-0.010|-2.30|194
0118|TRIVE|0.015|0.020|0.015|0.000|0.00|40,930
0118WB|TRIVE-WB|0.005|0.000|0.000|0.000|0.00|0
5401|TROP|0.890|0.880|0.870|-0.020|-2.25|2,004
5401WA|TROP-WA|0.025|0.020|0.025|0.000|0.00|3,500
9059|TSH|1.100|1.100|1.100|0.000|0.00|1,205
5042|TSRCAP|0.400|0.000|0.000|0.000|0.00|0
5042WB|TSRCAP-WB|0.045|0.000|0.000|0.000|0.00|0
5230|TUNEPRO|0.665|0.670|0.695|+0.030|+4.51|89,555
5167|TURBO|0.745|0.735|0.735|-0.010|-1.34|65
4359|TURIYA|0.130|0.130|0.170|+0.040|+30.77|7,502
5111|TWRREIT|0.900|0.900|0.900|0.000|0.00|110
7100|UCHITEC|2.810|2.760|2.710|-0.100|-3.56|3,937
7100CD|UCHITEC-CD|0.005|0.000|0.000|0.000|0.00|0
7100CE|UCHITEC-CE|0.025|0.000|0.000|0.000|0.00|0
7100CF|UCHITEC-CF|0.105|0.000|0.000|0.000|0.00|0
0005|UCREST|0.270|0.270|0.265|-0.005|-1.85|93,686
5148|UEMS|0.835|0.835|0.830|-0.005|-0.60|13,865
514864|UEMS-C64|0.040|0.000|0.000|0.000|0.00|0
514865|UEMS-C65|0.085|0.080|0.080|-0.005|-5.88|243
514866|UEMS-C66|0.070|0.000|0.000|0.000|0.00|0
7133|ULICORP|0.445|0.445|0.440|-0.005|-1.12|3,326
2593|UMCCA|5.470|5.450|5.450|-0.020|-0.37|10
7137|UMS|2.450|2.450|2.450|0.000|0.00|140
7227|UMSNGB|1.040|1.030|1.030|-0.010|-0.96|282
4588|UMW|5.640|5.610|5.700|+0.060|+1.06|22,939
458810|UMW-C10|0.005|0.000|0.000|0.000|0.00|0
458811|UMW-C11|0.035|0.000|0.000|0.000|0.00|0
458812|UMW-C12|0.210|0.000|0.000|0.000|0.00|0
458813|UMW-C13|0.190|0.210|0.190|0.000|0.00|12
458814|UMW-C14|0.195|0.000|0.000|0.000|0.00|0
458815|UMW-C15|0.190|0.195|0.195|+0.005|+2.63|1,741
458816|UMW-C16|0.110|0.000|0.000|0.000|0.00|0
458817|UMW-C17|0.105|0.115|0.110|+0.005|+4.76|3,400
4588C9|UMW-C9|0.025|0.000|0.000|0.000|0.00|0
7091|UNIMECH|1.020|1.040|1.070|+0.050|+4.90|5,766
5005|UNISEM|2.780|2.760|2.770|-0.010|-0.36|162
500511|UNISEM-C11|0.220|0.000|0.000|0.000|0.00|0
500512|UNISEM-C12|0.015|0.000|0.000|0.000|0.00|0
500513|UNISEM-C13|0.065|0.000|0.000|0.000|0.00|0
500514|UNISEM-C14|0.045|0.000|0.000|0.000|0.00|0
500515|UNISEM-C15|0.060|0.000|0.000|0.000|0.00|0
03017|UNIWALL|0.300|0.000|0.000|0.000|0.00|0
5200|UOADEV|2.170|2.200|2.170|0.000|0.00|373
5110|UOAREIT|1.370|1.370|1.370|0.000|0.00|1,348
7757|UPA|2.160|2.160|2.150|-0.010|-0.46|61
2089|UTDPLT|27.400|27.400|27.400|0.000|0.00|3
5754|UTUSAN|0.175|0.175|0.195|+0.020|+11.43|1,717
7250|UZMA|1.020|1.030|0.970|-0.050|-4.90|21,144
0060|VC|0.135|0.130|0.130|-0.005|-3.70|275
5243|VELESTO|0.265|0.270|0.280|+0.015|+5.66|402,974
524324|VELESTO-C24|0.215|0.000|0.000|0.000|0.00|0
524325|VELESTO-C25|0.020|0.000|0.000|0.000|0.00|0
524326|VELESTO-C26|0.085|0.000|0.000|0.000|0.00|0
524327|VELESTO-C27|0.085|0.000|0.000|0.000|0.00|0
5243WA|VELESTO-WA|0.095|0.095|0.100|+0.005|+5.26|58,993
4995|VERSATL|0.445|0.000|0.450|+0.005|+1.12|95
7240|VERTICE|0.910|0.900|0.900|-0.010|-1.10|1,741
7240WA|VERTICE-WA|0.510|0.505|0.505|-0.005|-0.98|127
0120|VIS|0.525|0.520|0.515|-0.010|-1.90|10,236
0120WB|VIS-WB|0.195|0.195|0.185|-0.010|-5.13|3,350
0097|VITROX|7.270|7.220|7.220|-0.050|-0.69|2,401
0097CL|VITROX-CL|0.045|0.000|0.000|0.000|0.00|0
0097CM|VITROX-CM|0.060|0.000|0.000|0.000|0.00|0
0069|VIVOCOM|0.015|0.015|0.020|+0.005|+33.33|4,046
0069WC|VIVOCOM-WC|0.005|0.005|0.005|0.000|0.00|120
0069WD|VIVOCOM-WD|0.005|0.000|0.000|0.000|0.00|0
0069WE|VIVOCOM-WE|0.010|0.005|0.005|-0.005|-50.00|76
7070|VIZIONE|0.975|0.975|0.975|0.000|0.00|6,345
7070LA|VIZIONE-LA|0.070|0.000|0.000|0.000|0.00|0
7070WC|VIZIONE-WC|0.400|0.400|0.400|0.000|0.00|184
6963|VS|1.030|1.030|0.980|-0.050|-4.85|585,851
696310|VS-C10|0.105|0.105|0.095|-0.010|-9.52|102,849
696311|VS-C11|0.205|0.000|0.000|0.000|0.00|0
696312|VS-C12|0.090|0.085|0.080|-0.010|-11.11|8,160
696313|VS-C13|0.110|0.110|0.100|-0.010|-9.09|48,154
6963C5|VS-C5|0.005|0.005|0.005|0.000|0.00|8,410
6963C6|VS-C6|0.005|0.000|0.000|0.000|0.00|0
6963C7|VS-C7|0.005|0.000|0.000|0.000|0.00|0
6963C8|VS-C8|0.175|0.000|0.000|0.000|0.00|0
6963C9|VS-C9|0.145|0.145|0.130|-0.015|-10.34|34,601
0066|VSOLAR|0.205|0.205|0.215|+0.010|+4.88|217,219
5162|VSTECS|0.990|0.990|0.990|0.000|0.00|66
7203|WANGZNG|1.200|1.110|1.140|-0.060|-5.00|1,070
5016|WARISAN|2.130|2.130|2.130|0.000|0.00|20
5142|WASEONG|0.790|0.795|0.770|-0.020|-2.53|4,926
7226|WATTA|0.845|0.835|0.830|-0.015|-1.78|512
3565|WCEHB|0.545|0.545|0.530|-0.015|-2.75|14,518
9679|WCT|0.815|0.815|0.835|+0.020|+2.45|49,335
967914|WCT-C14|0.010|0.000|0.000|0.000|0.00|0
967915|WCT-C15|0.015|0.000|0.000|0.000|0.00|0
967916|WCT-C16|0.040|0.000|0.000|0.000|0.00|0
9679WE|WCT-WE|0.070|0.070|0.075|+0.005|+7.14|21,058
0197|WEGMANS|0.320|0.315|0.320|0.000|0.00|4,840
0197WA|WEGMANS-WA|0.140|0.135|0.140|0.000|0.00|7,459
7231|WELLCAL|1.300|1.290|1.280|-0.020|-1.54|638
0162|WIDAD|0.335|0.335|0.320|-0.015|-4.48|71,588
0162WA|WIDAD-WA|0.125|0.125|0.120|-0.005|-4.00|6,410
7692|WIDETEC|0.540|0.000|0.000|0.000|0.00|0
0008|WILLOW|0.445|0.445|0.445|0.000|0.00|757
0141|WINTONI|0.035|0.000|0.000|0.000|0.00|0
6378|WMG|0.120|0.120|0.120|0.000|0.00|106
7050|WONG|0.600|0.580|0.580|-0.020|-3.33|419
7025|WOODLAN|0.750|0.000|0.000|0.000|0.00|0
5246|WPRTS|3.750|3.820|3.670|-0.080|-2.13|5,531
5246CX|WPRTS-CX|0.050|0.000|0.000|0.000|0.00|0
5246CY|WPRTS-CY|0.145|0.140|0.140|-0.005|-3.45|4
5009|WTHORSE|1.250|1.230|1.250|0.000|0.00|70
4243|WTK|0.585|0.580|0.635|+0.050|+8.55|58,169
7245|WZSATU|0.320|0.325|0.320|0.000|0.00|11,751
7245WA|WZSATU-WA|0.120|0.120|0.120|0.000|0.00|560
5156|XDL|0.100|0.100|0.100|0.000|0.00|185,650
5156WD|XDL-WD|0.020|0.000|0.000|0.000|0.00|0
7121|XIANLNG|0.460|0.000|0.000|0.000|0.00|0
0581C1|XIAOMI-C1|0.025|0.000|0.000|0.000|0.00|0
0581C2|XIAOMI-C2|0.210|0.205|0.210|0.000|0.00|4,112
0095|XINGHE|0.035|0.030|0.035|0.000|0.00|30,891
0095WA|XINGHE-WA|0.005|0.000|0.000|0.000|0.00|0
5267|XINHWA|0.875|0.900|0.885|+0.010|+1.14|20,835
5155|XINQUAN|0.055|0.000|0.000|0.000|0.00|0
5155WA|XINQUAN-WA|0.005|0.000|0.000|0.000|0.00|0
5155WB|XINQUAN-WB|0.015|0.000|0.000|0.000|0.00|0
0165|XOX|0.050|0.050|0.050|0.000|0.00|13,712
7003|Y&G|0.910|0.000|0.000|0.000|0.00|0
7003WA|Y&G-WA|0.100|0.000|0.000|0.000|0.00|0
0025|YBS|0.140|0.140|0.140|0.000|0.00|200
5584|YEELEE|1.870|1.850|1.860|-0.010|-0.53|52
7122|YFG|0.005|0.000|0.000|0.000|0.00|0
0086|YGL|0.120|0.120|0.120|0.000|0.00|1,397
5048|YILAI|0.610|0.000|0.000|0.000|0.00|0
7293|YINSON|4.450|4.450|4.440|-0.010|-0.22|16,949
7293CT|YINSON-CT|0.040|0.000|0.000|0.000|0.00|0
7293CU|YINSON-CU|0.075|0.000|0.000|0.000|0.00|0
7293CV|YINSON-CV|0.055|0.000|0.000|0.000|0.00|0
7293CW|YINSON-CW|0.150|0.000|0.000|0.000|0.00|0
7020|YKGI|0.105|0.110|0.105|0.000|0.00|3,468
7020WB|YKGI-WB|0.020|0.020|0.020|0.000|0.00|1,000
7014|YLI|0.260|0.000|0.000|0.000|0.00|0
3158|YNHPROP|1.230|1.210|1.200|-0.030|-2.44|51,160
5159|YOCB|1.180|1.180|1.150|-0.030|-2.54|3,817
7066|YONGTAI|0.355|0.355|0.345|-0.010|-2.82|53,313
7066PA|YONGTAI-PA|0.200|0.200|0.200|0.000|0.00|3,532
7066WA|YONGTAI-WA|0.105|0.105|0.100|-0.005|-4.76|1,772
7178|YSPSAH|2.900|2.890|2.840|-0.060|-2.07|293
4677|YTL|1.080|1.080|1.070|-0.010|-0.93|22,209
467722|YTL-C22|0.050|0.000|0.000|0.000|0.00|0
467723|YTL-C23|0.065|0.000|0.000|0.000|0.00|0
467724|YTL-C24|0.150|0.000|0.000|0.000|0.00|0
2577|YTLLAND|0.390|0.390|0.390|0.000|0.00|580
2577LA|YTLLAND-LA|0.360|0.365|0.365|+0.005|+1.39|114
6742|YTLPOWR|0.870|0.865|0.855|-0.015|-1.72|13,251
6742C5|YTLPOWR-C5|0.005|0.000|0.000|0.000|0.00|0
6742C6|YTLPOWR-C6|0.055|0.000|0.000|0.000|0.00|0
6742C7|YTLPOWR-C7|0.150|0.000|0.000|0.000|0.00|0
5109|YTLREIT|1.260|1.270|1.270|+0.010|+0.79|2,793
7028|ZECON|0.255|0.250|0.255|0.000|0.00|16,146
2283|ZELAN|0.090|0.085|0.080|-0.010|-11.11|15,553
5131|ZHULIAN|1.370|1.370|1.370|0.000|0.00|457
0012|3A|0.855|0.850|0.855|0.000|0.00|2,187
