070322|A50CHIN-C22|0.135|0.145|0.140|+0.005|+3.70|18,436
070324|A50CHIN-C24|0.670|0.715|0.715|+0.045|+6.72|100
070326|A50CHIN-C26|0.430|0.000|0.000|0.000|0.00|0
070328|A50CHIN-C28|0.220|0.230|0.225|+0.005|+2.27|18,362
070330|A50CHIN-C30|0.280|0.290|0.290|+0.010|+3.57|143,598
070332|A50CHIN-C32|0.650|0.000|0.000|0.000|0.00|0
070334|A50CHIN-C34|0.880|0.000|0.000|0.000|0.00|0
070336|A50CHIN-C36|0.490|0.500|0.495|+0.005|+1.02|5,616
070321|A50CHIN-H21|0.050|0.000|0.000|0.000|0.00|0
070323|A50CHIN-H23|0.005|0.000|0.000|0.000|0.00|0
070325|A50CHIN-H25|0.035|0.000|0.000|0.000|0.00|0
070327|A50CHIN-H27|0.090|0.085|0.095|+0.005|+5.56|10,440
7054|AASIA|0.145|0.000|0.000|0.000|0.00|0
5238|AAX|0.265|0.265|0.260|-0.005|-1.89|173,130
523820|AAX-C20|0.005|0.000|0.000|0.000|0.00|0
523821|AAX-C21|0.005|0.000|0.000|0.000|0.00|0
5238WA|AAX-WA|0.055|0.055|0.055|0.000|0.00|3,320
0800EA|ABFMY1|1.172|1.173|1.173|+0.001|+0.09|5
7086|ABLEGRP|0.075|0.070|0.070|-0.005|-6.67|5,549
2488|ABMB|4.160|4.150|4.200|+0.040|+0.96|14,979
2488CY|ABMB-CY|0.100|0.000|0.000|0.000|0.00|0
7131|ACME|0.250|0.000|0.000|0.000|0.00|0
7120|ACOSTEC|0.435|0.445|0.440|+0.005|+1.15|13,496
5281|ADVCON|0.430|0.435|0.420|-0.010|-2.33|88,077
7191|ADVENTA|0.355|0.355|0.360|+0.005|+1.41|450
9148|ADVPKG|1.800|0.000|0.000|0.000|0.00|0
7146|AEM|0.110|0.115|0.115|+0.005|+4.55|2,300
7146WA|AEM-WA|0.005|0.000|0.000|0.000|0.00|0
0181|AEMULUS|0.245|0.240|0.255|+0.010|+4.08|22,359
6599|AEON|1.560|1.580|1.600|+0.040|+2.56|8,447
6599CO|AEON-CO|0.045|0.045|0.045|0.000|0.00|3,067
6599CP|AEON-CP|0.050|0.000|0.000|0.000|0.00|0
6599CQ|AEON-CQ|0.030|0.000|0.000|0.000|0.00|0
5139|AEONCR|16.980|17.180|17.100|+0.120|+0.71|2,546
5139LA|AEONCR-LA|1.550|1.550|1.570|+0.020|+1.29|100
5185|AFFIN|2.250|2.290|2.280|+0.030|+1.33|1,955
5198|AFUJIYA|0.525|0.525|0.570|+0.045|+8.57|2,520
7315|AHB|0.130|0.135|0.130|0.000|0.00|9,229
7315WB|AHB-WB|0.005|0.005|0.005|0.000|0.00|1,000
7090|AHEALTH|9.090|9.110|9.030|-0.060|-0.66|412
4952|AHP|0.750|0.750|0.750|0.000|0.00|5
0122|AIM|0.280|0.000|0.000|0.000|0.00|0
5099|AIRASIA|2.790|2.800|2.760|-0.030|-1.08|55,938
509959|AIRASIAC59|0.020|0.000|0.000|0.000|0.00|0
509967|AIRASIAC67|0.100|0.095|0.105|+0.005|+5.00|704
509968|AIRASIAC68|0.005|0.005|0.005|0.000|0.00|100
509969|AIRASIAC69|0.035|0.000|0.000|0.000|0.00|0
509970|AIRASIAC70|0.015|0.015|0.015|0.000|0.00|731
509971|AIRASIAC71|0.090|0.090|0.085|-0.005|-5.56|4,004
509972|AIRASIAC72|0.200|0.195|0.190|-0.010|-5.00|4,000
509973|AIRASIAC73|0.225|0.000|0.000|0.000|0.00|0
509974|AIRASIAC74|0.310|0.320|0.320|+0.010|+3.23|200
509975|AIRASIAC75|0.140|0.000|0.000|0.000|0.00|0
509976|AIRASIAC76|0.070|0.000|0.000|0.000|0.00|0
509977|AIRASIAC77|0.085|0.085|0.080|-0.005|-5.88|36,609
509978|AIRASIAC78|0.110|0.110|0.105|-0.005|-4.55|33,000
509979|AIRASIAC79|0.055|0.050|0.050|-0.005|-9.09|300
509980|AIRASIAC80|0.055|0.055|0.055|0.000|0.00|7,001
5014|AIRPORT|7.740|7.750|7.800|+0.060|+0.78|11,794
5014C2|AIRPORT-C2|0.005|0.000|0.000|0.000|0.00|0
5014C3|AIRPORT-C3|0.035|0.000|0.000|0.000|0.00|0
5014C4|AIRPORT-C4|0.045|0.060|0.060|+0.015|+33.33|5
5014C5|AIRPORT-C5|0.055|0.000|0.000|0.000|0.00|0
5014C6|AIRPORT-C6|0.115|0.120|0.120|+0.005|+4.35|300
5014C7|AIRPORT-C7|0.095|0.090|0.090|-0.005|-5.26|502
2682|AISB|0.260|0.260|0.255|-0.005|-1.92|56
2658|AJI|18.500|18.500|18.420|-0.080|-0.43|189
7609|AJIYA|0.530|0.530|0.545|+0.015|+2.83|350
7609WA|AJIYA-WA|0.095|0.090|0.090|-0.005|-5.26|2,278
5115|ALAM|0.150|0.155|0.150|0.000|0.00|257,535
5116|ALAQAR|1.360|1.370|1.340|-0.020|-1.47|10,008
2674|ALCOM|0.525|0.520|0.530|+0.005|+0.95|354
1163|ALLIANZ|14.360|14.500|14.360|0.000|0.00|1,272
1163PA|ALLIANZ-PA|14.300|0.000|0.000|0.000|0.00|0
5269|ALSREIT|0.845|0.840|0.845|0.000|0.00|33
1015|AMBANK|4.510|4.470|4.510|0.000|0.00|24,560
101510|AMBANK-C10|0.160|0.000|0.000|0.000|0.00|0
101511|AMBANK-C11|0.180|0.000|0.000|0.000|0.00|0
101512|AMBANK-C12|0.135|0.000|0.000|0.000|0.00|0
101513|AMBANK-C13|0.095|0.000|0.000|0.000|0.00|0
0159|AMEDIA|0.160|0.155|0.160|0.000|0.00|1,135
5120|AMFIRST|0.530|0.530|0.530|0.000|0.00|1,110
03011|AMLEX|0.180|0.000|0.000|0.000|0.00|0
1007|AMPROP|0.515|0.510|0.510|-0.005|-0.97|720
1007PA|AMPROP-PA|0.245|0.235|0.245|0.000|0.00|101
1007PB|AMPROP-PB|0.580|0.000|0.000|0.000|0.00|0
7051|AMTEK|0.120|0.125|0.130|+0.010|+8.33|749
7031|AMTEL|0.665|0.000|0.000|0.000|0.00|0
5959|AMVERTON|1.100|1.060|1.130|+0.030|+2.73|23
6351|AMWAY|6.100|6.100|5.960|-0.140|-2.30|43
7083|ANALABS|1.120|1.110|1.110|-0.010|-0.89|50
4758|ANCOM|0.480|0.480|0.475|-0.005|-1.04|291
0048|ANCOMLB|0.095|0.090|0.090|-0.005|-5.26|300
6556|ANNJOO|1.570|1.570|1.600|+0.030|+1.91|8,166
6556PA|ANNJOO-PA|0.510|0.550|0.550|+0.040|+7.84|85
9342|ANZO|0.040|0.035|0.035|-0.005|-12.50|5,150
9342WA|ANZO-WA|0.005|0.000|0.000|0.000|0.00|0
9342WB|ANZO-WB|0.025|0.000|0.000|0.000|0.00|0
9342WC|ANZO-WC|0.005|0.000|0.000|0.000|0.00|0
5568|APB|0.730|0.000|0.000|0.000|0.00|0
5088|APEX|1.010|1.000|1.000|-0.010|-0.99|45
5194|APFT|0.015|0.020|0.020|+0.005|+33.33|200
5015|APM|3.030|0.000|0.000|0.000|0.00|0
6432|APOLLO|3.880|0.000|0.000|0.000|0.00|0
0119|APPASIA|0.090|0.085|0.090|0.000|0.00|3,032
0119WA|APPASIA-WA|0.035|0.040|0.045|+0.010|+28.57|8,367
7214|ARANK|0.515|0.515|0.515|0.000|0.00|805
7007|ARK|0.500|0.000|0.000|0.000|0.00|0
7007WB|ARK-WB|0.090|0.000|0.000|0.000|0.00|0
5210|ARMADA|0.195|0.195|0.195|0.000|0.00|930,989
521040|ARMADA-C40|0.005|0.000|0.000|0.000|0.00|0
521043|ARMADA-C43|0.005|0.000|0.000|0.000|0.00|0
521045|ARMADA-C45|0.005|0.000|0.000|0.000|0.00|0
521046|ARMADA-C46|0.005|0.000|0.000|0.000|0.00|0
521047|ARMADA-C47|0.005|0.000|0.000|0.000|0.00|0
521048|ARMADA-C48|0.005|0.000|0.000|0.000|0.00|0
521049|ARMADA-C49|0.005|0.010|0.010|+0.005|+100.00|14,110
521050|ARMADA-C50|0.015|0.000|0.000|0.000|0.00|0
5127|ARREIT|0.840|0.840|0.835|-0.005|-0.60|583
1481|ASB|0.135|0.130|0.130|-0.005|-3.70|1,897
0068|ASDION|0.275|0.275|0.285|+0.010|+3.64|64,804
0068WB|ASDION-WB|0.005|0.000|0.000|0.000|0.00|0
7722|ASIABRN|0.490|0.000|0.000|0.000|0.00|0
7129|ASIAFLE|2.590|0.000|0.000|0.000|0.00|0
4057|ASIAPAC|0.115|0.115|0.125|+0.010|+8.70|36,749
4057LC|ASIAPAC-LC|0.580|0.580|0.580|0.000|0.00|10
4057WB|ASIAPAC-WB|0.055|0.035|0.045|-0.010|-18.18|81
0105|ASIAPLY|0.080|0.075|0.080|0.000|0.00|2,158
0105PA|ASIAPLY-PA|0.035|0.000|0.000|0.000|0.00|0
0105WA|ASIAPLY-WA|0.015|0.000|0.000|0.000|0.00|0
0105WB|ASIAPLY-WB|0.025|0.025|0.025|0.000|0.00|49
7162|ASTINO|0.700|0.000|0.000|0.000|0.00|0
6399|ASTRO|1.520|1.520|1.540|+0.020|+1.32|32,146
639910|ASTRO-C10|0.100|0.105|0.105|+0.005|+5.00|4,469
639911|ASTRO-C11|0.110|0.000|0.000|0.000|0.00|0
639912|ASTRO-C12|0.075|0.075|0.075|0.000|0.00|2,500
639913|ASTRO-C13|0.080|0.075|0.080|0.000|0.00|6,972
639914|ASTRO-C14|0.080|0.060|0.060|-0.020|-25.00|4
0072|AT|0.050|0.050|0.050|0.000|0.00|5,506
0072WB|AT-WB|0.005|0.000|0.000|0.000|0.00|0
8176|ATAIMS|1.750|1.740|1.740|-0.010|-0.57|1,458
7048|ATLAN|4.380|0.000|0.000|0.000|0.00|0
5130|ATRIUM|1.120|1.130|1.120|0.000|0.00|910
7099|ATTA|0.680|0.000|0.000|0.000|0.00|0
7099LA|ATTA-LA|0.080|0.085|0.080|0.000|0.00|5,169
7099PA|ATTA-PA|0.130|0.130|0.125|-0.005|-3.85|754
7099WB|ATTA-WB|0.090|0.000|0.000|0.000|0.00|0
7099WC|ATTA-WC|0.095|0.000|0.000|0.000|0.00|0
7181|ATURMJU|0.325|0.330|0.365|+0.040|+12.31|134,673
7181PA|ATURMJU-PA|0.120|0.115|0.165|+0.045|+37.50|79,659
8885|AVI|0.235|0.230|0.235|0.000|0.00|460
7579|AWC|0.785|0.795|0.785|0.000|0.00|4,658
7579WA|AWC-WA|0.260|0.270|0.255|-0.005|-1.92|5,857
6888|AXIATA|4.220|4.160|4.160|-0.060|-1.42|12,865
688828|AXIATA-C28|0.020|0.000|0.000|0.000|0.00|0
688829|AXIATA-C29|0.005|0.000|0.000|0.000|0.00|0
688830|AXIATA-C30|0.040|0.000|0.000|0.000|0.00|0
688831|AXIATA-C31|0.040|0.000|0.000|0.000|0.00|0
688832|AXIATA-C32|0.110|0.000|0.000|0.000|0.00|0
688833|AXIATA-C33|0.170|0.175|0.180|+0.010|+5.88|400
688834|AXIATA-C34|0.180|0.000|0.000|0.000|0.00|0
688835|AXIATA-C35|0.155|0.000|0.000|0.000|0.00|0
688836|AXIATA-C36|0.185|0.000|0.000|0.000|0.00|0
688837|AXIATA-C37|0.080|0.000|0.000|0.000|0.00|0
5106|AXREIT|1.730|1.710|1.750|+0.020|+1.16|490
2305|AYER|4.500|4.300|4.300|-0.200|-4.44|140
5021|AYS|0.350|0.345|0.355|+0.005|+1.43|11,557
7078|AZRB|0.470|0.475|0.470|0.000|0.00|50,990
7078WA|AZRB-WA|0.205|0.205|0.200|-0.005|-2.44|192
0098|BAHVEST|0.675|0.680|0.670|-0.005|-0.74|73,956
0098WA|BAHVEST-WA|0.405|0.410|0.410|+0.005|+1.23|13,032
7251|BARAKAH|0.125|0.130|0.120|-0.005|-4.00|488,626
4162|BAT|34.260|33.800|34.060|-0.200|-0.58|2,470
4162CM|BAT-CM|0.065|0.070|0.065|0.000|0.00|16,422
4162CN|BAT-CN|0.130|0.000|0.000|0.000|0.00|0
4162CO|BAT-CO|0.075|0.000|0.000|0.000|0.00|0
5248|BAUTO|2.240|2.310|2.310|+0.070|+3.13|170,364
5248C1|BAUTO-C1|0.070|0.085|0.090|+0.020|+28.57|35,442
5248CY|BAUTO-CY|0.120|0.160|0.155|+0.035|+29.17|2,000
5248CZ|BAUTO-CZ|0.180|0.235|0.210|+0.030|+16.67|7,514
6602|BCB|0.285|0.285|0.285|0.000|0.00|150
0187|BCMALL|0.195|0.195|0.210|+0.015|+7.69|37,669
6173|BDB|0.335|0.345|0.340|+0.005|+1.49|400
5190|BENALEC|0.200|0.205|0.210|+0.010|+5.00|67,208
9814|BERTAM|0.280|0.000|0.000|0.000|0.00|0
8133|BHIC|1.240|1.240|1.250|+0.010|+0.81|14
7005|BIG|0.475|0.485|0.485|+0.010|+2.11|15,994
5258|BIMB|4.250|4.280|4.240|-0.010|-0.24|7,003
5258WA|BIMB-WA|0.260|0.260|0.260|0.000|0.00|1,149
0195|BINACOM|0.400|0.400|0.410|+0.010|+2.50|1,936
6998|BINTAI|0.135|0.130|0.135|0.000|0.00|1,739
6998WA|BINTAI-WA|0.050|0.050|0.050|0.000|0.00|300
0179|BIOHLDG|0.205|0.205|0.200|-0.005|-2.44|5,356
0179WA|BIOHLDG-WA|0.080|0.080|0.080|0.000|0.00|3,500
7243|BIOOSMO|0.060|0.055|0.060|0.000|0.00|18,780
5032|BIPORT|4.680|4.680|4.680|0.000|0.00|25
3239|BJASSET|0.315|0.315|0.310|-0.005|-1.59|11,256
3239WB|BJASSET-WB|0.065|0.000|0.000|0.000|0.00|0
3395|BJCORP|0.270|0.270|0.265|-0.005|-1.85|28,320
339510|BJCORP-C10|0.010|0.005|0.005|-0.005|-50.00|100
339511|BJCORP-C11|0.020|0.000|0.000|0.000|0.00|0
3395LD|BJCORP-LD|0.340|0.340|0.345|+0.005|+1.47|1,087
3395LE|BJCORP-LE|0.385|0.000|0.000|0.000|0.00|0
3395WB|BJCORP-WB|0.045|0.045|0.045|0.000|0.00|1,285
3395WC|BJCORP-WC|0.070|0.070|0.070|0.000|0.00|650
5196|BJFOOD|1.500|1.500|1.510|+0.010|+0.67|8,302
4219|BJLAND|0.275|0.275|0.280|+0.005|+1.82|18,421
6025|BJMEDIA|0.175|0.170|0.170|-0.005|-2.86|354
1562|BJTOTO|2.290|2.330|2.310|+0.020|+0.87|6,060
1562CW|BJTOTO-CW|0.060|0.000|0.000|0.000|0.00|0
1562CX|BJTOTO-CX|0.080|0.000|0.000|0.000|0.00|0
1899|BKAWAN|17.120|17.200|17.200|+0.080|+0.47|5
5069|BLDPLNT|6.960|0.000|0.000|0.000|0.00|0
0508C5|BOC-C5|0.130|0.000|0.000|0.000|0.00|0
0168|BOILERM|0.535|0.540|0.540|+0.005|+0.93|200
9288|BONIA|0.270|0.275|0.265|-0.005|-1.85|2,351
7036|BORNOIL|0.040|0.040|0.040|0.000|0.00|40,330
7036WC|BORNOIL-WC|0.020|0.000|0.000|0.000|0.00|0
7036WD|BORNOIL-WD|0.020|0.020|0.020|0.000|0.00|770
6297|BOXPAK|1.050|0.000|0.000|0.000|0.00|0
6297WA|BOXPAK-WA|0.175|0.000|0.000|0.000|0.00|0
5254|BPLANT|0.805|0.810|0.810|+0.005|+0.62|2,223
5100|BPPLAS|1.130|1.100|1.140|+0.010|+0.88|1,059
5932|BPURI|0.190|0.190|0.195|+0.005|+2.63|113,677
9474|BRAHIMS|0.180|0.180|0.175|-0.005|-2.78|88,872
8761|BREM|0.780|0.750|0.750|-0.030|-3.85|1
9938|BRIGHT|0.190|0.190|0.200|+0.010|+5.26|2,893
7221|BSLCORP|0.315|0.310|0.335|+0.020|+6.35|781
2771|BSTEAD|1.320|1.330|1.350|+0.030|+2.27|1,402
0011|BTECH|0.305|0.310|0.315|+0.010|+3.28|14,924
7188|BTM|0.115|0.120|0.120|+0.005|+4.35|3
7188WA|BTM-WA|0.015|0.000|0.000|0.000|0.00|0
7188WB|BTM-WB|0.040|0.000|0.000|0.000|0.00|0
1818|BURSA|6.870|6.870|6.850|-0.020|-0.29|6,143
181820|BURSA-C20|0.005|0.000|0.000|0.000|0.00|0
181821|BURSA-C21|0.075|0.000|0.000|0.000|0.00|0
181822|BURSA-C22|0.060|0.000|0.000|0.000|0.00|0
181823|BURSA-C23|0.045|0.045|0.045|0.000|0.00|4,380
7174|CAB|0.590|0.590|0.590|0.000|0.00|11,433
7174WA|CAB-WA|0.410|0.405|0.400|-0.010|-2.44|2,012
0191|CABNET|0.315|0.315|0.310|-0.005|-1.59|1,343
0191WA|CABNET-WA|0.055|0.055|0.070|+0.015|+27.27|2,639
7154|CAELY|0.940|0.000|0.000|0.000|0.00|0
7154WA|CAELY-WA|0.520|0.550|0.550|+0.030|+5.77|100
7128|CAMRES|0.270|0.000|0.000|0.000|0.00|0
5105|CANONE|2.840|2.870|2.920|+0.080|+2.82|3,934
5229|CAP|0.010|0.000|0.000|0.000|0.00|0
0163|CAREPLS|0.165|0.165|0.170|+0.005|+3.03|8,640
5257|CARIMIN|0.835|0.855|0.940|+0.105|+12.57|1,295,353
5245|CARING|1.950|1.910|1.940|-0.010|-0.51|250
2836|CARLSBG|25.800|26.000|25.760|-0.040|-0.16|2,425
7076|CBIP|1.070|1.070|1.080|+0.010|+0.93|3,966
7076WA|CBIP-WA|0.015|0.015|0.015|0.000|0.00|1,160
2925|CCB|1.570|1.540|1.560|-0.010|-0.64|195
7035|CCK|0.615|0.615|0.630|+0.015|+2.44|61,018
7035WA|CCK-WA|0.120|0.120|0.135|+0.015|+12.50|45,058
2879|CCM|1.920|1.920|1.970|+0.050|+2.60|424
5195|CENSOF|0.155|0.155|0.160|+0.005|+3.23|6,011
5195WB|CENSOF-WB|0.005|0.005|0.005|0.000|0.00|9,210
8982|CEPAT|0.585|0.585|0.595|+0.010|+1.71|460
8435|CEPCO|0.630|0.000|0.000|0.000|0.00|0
8044|CFM|1.260|0.000|0.000|0.000|0.00|0
0579C1|CGARDEN-C1|0.105|0.000|0.000|0.000|0.00|0
7209|CHEETAH|0.310|0.310|0.340|+0.030|+9.68|84
7187|CHGP|0.350|0.350|0.350|0.000|0.00|69
7187WA|CHGP-WA|0.185|0.000|0.000|0.000|0.00|0
5738|CHHB|1.500|1.490|1.500|0.000|0.00|2,402
5738WB|CHHB-WB|0.370|0.370|0.370|0.000|0.00|10
0829EA|CHINAETF-MYR|5.730|5.740|5.740|+0.010|+0.17|2
0829EB|CHINAETF-USD|1.275|0.000|0.000|0.000|0.00|0
5273|CHINHIN|0.800|0.790|0.790|-0.010|-1.25|2,440
1929|CHINTEK|6.700|6.790|6.700|0.000|0.00|78
5007|CHINWEL|1.810|1.810|1.810|0.000|0.00|494
0501CG|CHMOBIL-CG|0.180|0.185|0.185|+0.005|+2.78|12,740
5797|CHOOBEE|1.620|1.620|1.640|+0.020|+1.23|140
7016|CHUAN|0.395|0.400|0.415|+0.020|+5.06|1,817
8052|CICB|0.590|0.590|0.590|0.000|0.00|50
2828|CIHLDG|1.450|1.450|1.450|0.000|0.00|50
1023|CIMB|5.450|5.470|5.470|+0.020|+0.37|89,775
102340|CIMB-C40|0.025|0.000|0.000|0.000|0.00|0
102341|CIMB-C41|0.075|0.000|0.000|0.000|0.00|0
102342|CIMB-C42|0.050|0.000|0.000|0.000|0.00|0
102343|CIMB-C43|0.025|0.000|0.000|0.000|0.00|0
102344|CIMB-C44|0.035|0.000|0.000|0.000|0.00|0
102345|CIMB-C45|0.070|0.075|0.070|0.000|0.00|9,429
102346|CIMB-C46|0.080|0.000|0.000|0.000|0.00|0
102347|CIMB-C47|0.075|0.080|0.075|0.000|0.00|750
0822EA|CIMBA40|1.865|1.855|1.855|-0.010|-0.54|360
0823EA|CIMBC50|1.610|1.600|1.605|-0.005|-0.31|303
7117|CJCEN|0.450|0.450|0.445|-0.005|-1.11|6,903
0514C3|CKHUTCH-C3|0.075|0.000|0.000|0.000|0.00|0
03001|CLOUD|0.300|0.000|0.000|0.000|0.00|0
7018|CME|0.040|0.040|0.040|0.000|0.00|628
7018LA|CME-LA|0.020|0.025|0.025|+0.005|+25.00|100
7018WA|CME-WA|0.025|0.000|0.000|0.000|0.00|0
5180|CMMT|1.120|1.120|1.110|-0.010|-0.89|5,272
2852|CMSB|3.400|3.420|3.390|-0.010|-0.29|36,654
285214|CMSB-C14|0.085|0.000|0.000|0.000|0.00|0
285215|CMSB-C15|0.125|0.140|0.120|-0.005|-4.00|6,871
7986|CNASIA|0.435|0.415|0.430|-0.005|-1.15|2,416
5104|CNI|0.070|0.070|0.075|+0.005|+7.14|1,221
5188|CNOUHUA|0.050|0.050|0.050|0.000|0.00|3,472
5071|COASTAL|1.300|1.300|1.300|0.000|0.00|12,740
7205|COCOLND|2.020|2.020|2.000|-0.020|-0.99|120
7195|COMCORP|0.110|0.110|0.120|+0.010|+9.09|2,084
2127|COMFORT|0.810|0.810|0.820|+0.010|+1.23|2,198
5136|COMPLET|0.895|0.885|0.885|-0.010|-1.12|925
5037|COMPUGT|0.025|0.025|0.025|0.000|0.00|62,397
0102|CONNECT|0.105|0.100|0.105|0.000|0.00|2,300
0102PA|CONNECT-PA|0.030|0.000|0.000|0.000|0.00|0
0102WA|CONNECT-WA|0.030|0.000|0.000|0.000|0.00|0
0102WB|CONNECT-WB|0.025|0.025|0.025|0.000|0.00|600
8591|CRESBLD|1.040|1.040|1.040|0.000|0.00|6,197
6718|CRESNDO|1.270|1.270|1.280|+0.010|+0.79|268
03016|CRG|0.045|0.045|0.045|0.000|0.00|770
7202|CSCENIC|1.130|1.120|1.120|-0.010|-0.88|90
5094|CSCSTEL|1.070|1.060|1.070|0.000|0.00|2,989
5214|CSL|0.010|0.000|0.000|0.000|0.00|0
0051|CUSCAPI|0.195|0.195|0.215|+0.020|+10.26|330,582
5049|CVIEW|1.430|1.440|1.500|+0.070|+4.90|105
9423|CWG|0.420|0.000|0.000|0.000|0.00|0
7157|CYL|0.435|0.435|0.430|-0.005|-1.15|500
5082|CYMAO|0.345|0.345|0.345|0.000|0.00|10
5184|CYPARK|1.710|1.720|1.700|-0.010|-0.58|12,266
7204|D&O|0.695|0.695|0.695|0.000|0.00|40,428
8125|DAIBOCI|1.580|1.580|1.580|0.000|0.00|18,989
8125WB|DAIBOCI-WB|0.125|0.125|0.130|+0.005|+4.00|1,260
5355|DAIMAN|2.990|0.000|0.000|0.000|0.00|0
5276|DANCO|0.650|0.650|0.635|-0.015|-2.31|35,917
5276WA|DANCO-WA|0.410|0.420|0.400|-0.010|-2.44|35,347
8338|DATAPRP|0.215|0.220|0.255|+0.040|+18.60|133,933
0091|DAYA|0.005|0.010|0.010|+0.005|+100.00|27,011
5141|DAYANG|1.690|1.730|1.690|0.000|0.00|421,702
7179|DBE|0.030|0.030|0.030|0.000|0.00|48,620
7179WB|DBE-WB|0.010|0.005|0.005|-0.005|-50.00|4,000
3484|DBHD|0.530|0.535|0.535|+0.005|+0.94|25,323
3484WA|DBHD-WA|0.120|0.120|0.125|+0.005|+4.17|13,621
7119|DEGEM|1.050|0.000|0.000|0.000|0.00|0
5132|DELEUM|1.130|1.150|1.160|+0.030|+2.65|14,404
7212|DESTINI|0.255|0.275|0.325|+0.070|+27.45|2,640,977
0152|DGB|0.120|0.125|0.120|0.000|0.00|2,971
0152WB|DGB-WB|0.030|0.035|0.035|+0.005|+16.67|351
0131|DGSB|0.085|0.085|0.085|0.000|0.00|20,395
7277|DIALOG|3.200|3.210|3.200|0.000|0.00|72,383
727733|DIALOG-C33|0.005|0.005|0.005|0.000|0.00|3,000
727735|DIALOG-C35|0.005|0.000|0.000|0.000|0.00|0
727736|DIALOG-C36|0.055|0.000|0.000|0.000|0.00|0
727737|DIALOG-C37|0.050|0.000|0.000|0.000|0.00|0
727738|DIALOG-C38|0.040|0.000|0.000|0.000|0.00|0
727739|DIALOG-C39|0.050|0.000|0.000|0.000|0.00|0
727740|DIALOG-C40|0.115|0.115|0.110|-0.005|-4.35|1,800
727741|DIALOG-C41|0.100|0.110|0.095|-0.005|-5.00|30,398
727742|DIALOG-C42|0.135|0.000|0.000|0.000|0.00|0
727743|DIALOG-C43|0.100|0.000|0.000|0.000|0.00|0
727744|DIALOG-C44|0.080|0.000|0.000|0.000|0.00|0
6947|DIGI|4.550|4.480|4.530|-0.020|-0.44|32,107
694724|DIGI-C24|0.035|0.030|0.035|0.000|0.00|2,500
694725|DIGI-C25|0.105|0.000|0.000|0.000|0.00|0
694726|DIGI-C26|0.115|0.000|0.000|0.000|0.00|0
694727|DIGI-C27|0.105|0.000|0.000|0.000|0.00|0
694728|DIGI-C28|0.050|0.000|0.000|0.000|0.00|0
0029|DIGISTA|0.045|0.045|0.045|0.000|0.00|6,450
0029WB|DIGISTA-WB|0.015|0.000|0.000|0.000|0.00|0
0400GA|DIN040000223|99.500|0.000|0.000|0.000|0.00|0
0400GC|DIN042300721|100.500|0.000|0.000|0.000|0.00|0
0400GB|DIN045801028|100.700|0.000|0.000|0.000|0.00|0
7528|DKLS|1.730|0.000|0.000|0.000|0.00|0
5908|DKSH|2.490|2.480|2.460|-0.030|-1.20|513
3026|DLADY|63.800|64.000|64.100|+0.300|+0.47|15
4456|DNEX|0.295|0.295|0.315|+0.020|+6.78|533,178
4456WD|DNEX-WD|0.075|0.075|0.080|+0.005|+6.67|278,587
7114|DNONCE|0.440|0.440|0.440|0.000|0.00|350
7114WA|DNONCE-WA|0.200|0.195|0.200|0.000|0.00|692
5835|DOLMITE|0.110|0.100|0.100|-0.010|-9.09|60
5265|DOLPHIN|0.140|0.140|0.145|+0.005|+3.57|13,738
5265WA|DOLPHIN-WA|0.030|0.030|0.030|0.000|0.00|709
7169|DOMINAN|1.280|0.000|0.000|0.000|0.00|0
7169WA|DOMINAN-WA|0.080|0.000|0.000|0.000|0.00|0
7148|DPHARMA|1.110|1.110|1.110|0.000|0.00|1,426
0205|DPIH|0.220|0.215|0.220|0.000|0.00|2,670
7198|DPS|0.065|0.060|0.070|+0.005|+7.69|5,854
7198WB|DPS-WB|0.030|0.030|0.030|0.000|0.00|967
1619|DRBHCOM|1.870|1.870|1.890|+0.020|+1.07|17,644
161960|DRBHCOMC60|0.015|0.020|0.020|+0.005|+33.33|12,581
161962|DRBHCOMC62|0.005|0.000|0.000|0.000|0.00|0
161963|DRBHCOMC63|0.005|0.000|0.000|0.000|0.00|0
161964|DRBHCOMC64|0.005|0.005|0.005|0.000|0.00|200
161966|DRBHCOMC66|0.005|0.000|0.000|0.000|0.00|0
161967|DRBHCOMC67|0.010|0.000|0.000|0.000|0.00|0
161968|DRBHCOMC68|0.085|0.090|0.090|+0.005|+5.88|11,580
161969|DRBHCOMC69|0.120|0.000|0.000|0.000|0.00|0
161970|DRBHCOMC70|0.145|0.150|0.155|+0.010|+6.90|3,063
161971|DRBHCOMC71|0.120|0.000|0.000|0.000|0.00|0
161972|DRBHCOMC72|0.110|0.000|0.000|0.000|0.00|0
161973|DRBHCOMC73|0.100|0.000|0.000|0.000|0.00|0
161974|DRBHCOMC74|0.080|0.085|0.085|+0.005|+6.25|7,100
161975|DRBHCOMC75|0.065|0.000|0.000|0.000|0.00|0
5216|DSONIC|0.510|0.515|0.530|+0.020|+3.92|577,345
5216WA|DSONIC-WA|0.090|0.090|0.095|+0.005|+5.56|186,259
7233|DUFU|1.550|1.550|1.620|+0.070|+4.52|42,634
3948|DUTALND|0.495|0.500|0.510|+0.015|+3.03|4,205
7165|DWL|0.785|0.785|0.785|0.000|0.00|444
7165PA|DWL-PA|0.220|0.000|0.000|0.000|0.00|0
7165WA|DWL-WA|0.225|0.000|0.000|0.000|0.00|0
5178|DYNACIA|0.095|0.090|0.095|0.000|0.00|495,613
5178PA|DYNACIA-PA|0.045|0.050|0.050|+0.005|+11.11|2
5178WA|DYNACIA-WA|0.035|0.040|0.040|+0.005|+14.29|20,917
3417|E&O|0.860|0.865|0.880|+0.020|+2.33|118,725
341713|E&O-C13|0.100|0.100|0.100|0.000|0.00|12,500
3417WB|E&O-WB|0.005|0.000|0.000|0.000|0.00|0
0154|EAH|0.015|0.015|0.015|0.000|0.00|1,110
0154WC|EAH-WC|0.005|0.000|0.000|0.000|0.00|0
0154WD|EAH-WD|0.005|0.000|0.000|0.000|0.00|0
0154WE|EAH-WE|0.010|0.000|0.000|0.000|0.00|0
2097|EASTLND|0.100|0.100|0.105|+0.005|+5.00|4,802
5259|EATECH|0.465|0.480|0.480|+0.015|+3.23|110,005
2143|ECM|0.275|0.275|0.275|0.000|0.00|100
3557|ECOFIRS|0.300|0.300|0.295|-0.005|-1.67|7,764
3557WC|ECOFIRS-WC|0.025|0.015|0.020|-0.005|-20.00|2,435
0059|ECOHLDS|0.300|0.305|0.305|+0.005|+1.67|3,307
5253|ECONBHD|0.475|0.475|0.485|+0.010|+2.11|126,309
5253WA|ECONBHD-WA|0.120|0.115|0.115|-0.005|-4.17|16,030
8206|ECOWLD|0.940|0.945|0.930|-0.010|-1.06|5,502
8206CQ|ECOWLD-CQ|0.005|0.000|0.000|0.000|0.00|0
8206CS|ECOWLD-CS|0.035|0.000|0.000|0.000|0.00|0
8206CT|ECOWLD-CT|0.150|0.000|0.000|0.000|0.00|0
8206WA|ECOWLD-WA|0.180|0.175|0.175|-0.005|-2.78|40
5036|EDARAN|0.555|0.555|0.565|+0.010|+1.80|10,673
7471|EDEN|0.115|0.120|0.120|+0.005|+4.35|67,898
7471WB|EDEN-WB|0.045|0.045|0.045|0.000|0.00|4,420
1368|EDGENTA|2.850|2.860|2.850|0.000|0.00|651
0107|EDUSPEC|0.025|0.030|0.030|+0.005|+20.00|4,910
0064|EFFICEN|0.175|0.180|0.180|+0.005|+2.86|2,416
0065|EFORCE|0.485|0.490|0.505|+0.020|+4.12|54,275
0065WA|EFORCE-WA|0.145|0.140|0.150|+0.005|+3.45|14,517
8907|EG|0.455|0.450|0.450|-0.005|-1.10|2,180
8907PA|EG-PA|0.450|0.445|0.445|-0.005|-1.11|552
8907WC|EG-WC|0.130|0.125|0.125|-0.005|-3.85|930
5081|EIG|0.655|0.000|0.000|0.000|0.00|0
5208|EITA|1.360|1.360|1.360|0.000|0.00|806
7182|EKA|0.065|0.000|0.000|0.000|0.00|0
8877|EKOVEST|0.560|0.560|0.560|0.000|0.00|119,645
8877CQ|EKOVEST-CQ|0.005|0.000|0.000|0.000|0.00|0
8877CR|EKOVEST-CR|0.005|0.000|0.000|0.000|0.00|0
8877CS|EKOVEST-CS|0.040|0.040|0.040|0.000|0.00|875
8877CT|EKOVEST-CT|0.050|0.050|0.050|0.000|0.00|8,293
8877WB|EKOVEST-WB|0.090|0.090|0.095|+0.005|+5.56|54,647
9016|EKSONS|0.820|0.000|0.000|0.000|0.00|0
5228|ELKDESA|1.420|1.420|1.400|-0.020|-1.41|786
5228LA|ELKDESA-LA|1.170|0.000|0.000|0.000|0.00|0
0090|ELSOFT|1.010|1.010|1.010|0.000|0.00|7,362
7217|EMETALL|0.400|0.400|0.400|0.000|0.00|384
9091|EMICO|0.160|0.175|0.175|+0.015|+9.38|10
6076|ENCORP|0.360|0.355|0.355|-0.005|-1.39|187
7149|ENGKAH|1.040|0.000|0.000|0.000|0.00|0
5056|ENGTEX|0.815|0.820|0.835|+0.020|+2.45|8,202
8613|ENRA|1.550|0.000|0.000|0.000|0.00|0
7773|EPMB|0.370|0.400|0.400|+0.030|+8.11|100
0190|ESAFE|0.210|0.000|0.000|0.000|0.00|0
0100|ESCERAM|0.160|0.155|0.155|-0.005|-3.13|3,400
03021|ETH|0.185|0.000|0.000|0.000|0.00|0
6815|EUPE|0.655|0.690|0.675|+0.020|+3.05|872
7208|EURO|0.135|0.135|0.135|0.000|0.00|820
7094|EUROSP|0.405|0.405|0.405|0.000|0.00|120
5101|EVERGRN|0.365|0.365|0.375|+0.010|+2.74|19,798
7249|EWEIN|0.590|0.590|0.585|-0.005|-0.85|7,367
5283|EWINT|0.780|0.775|0.785|+0.005|+0.64|4,112
5283WA|EWINT-WA|0.150|0.150|0.150|0.000|0.00|13,387
3689|F&N|35.260|34.360|35.000|-0.260|-0.74|5,703
2984|FACBIND|1.300|1.230|1.290|-0.010|-0.77|310
7047|FAJAR|0.450|0.450|0.440|-0.010|-2.22|17,471
7047WB|FAJAR-WB|0.045|0.040|0.040|-0.005|-11.11|11,260
5029|FAREAST|2.780|2.660|2.610|-0.170|-6.12|77
6041|FARLIM|0.375|0.385|0.385|+0.010|+2.67|3,319
7229|FAVCO|2.810|2.810|2.800|-0.010|-0.36|1,482
06505D|FBMKLCI-C5D|0.085|0.000|0.000|0.000|0.00|0
06505I|FBMKLCI-C5I|0.005|0.000|0.000|0.000|0.00|0
06505J|FBMKLCI-C5J|0.040|0.000|0.000|0.000|0.00|0
06505K|FBMKLCI-C5K|0.005|0.000|0.000|0.000|0.00|0
06505L|FBMKLCI-C5L|0.070|0.000|0.000|0.000|0.00|0
06505M|FBMKLCI-C5M|0.130|0.100|0.100|-0.030|-23.08|6,000
06505N|FBMKLCI-C5N|0.045|0.000|0.000|0.000|0.00|0
06505O|FBMKLCI-C5O|0.035|0.000|0.000|0.000|0.00|0
06505P|FBMKLCI-C5P|0.175|0.000|0.000|0.000|0.00|0
06505Q|FBMKLCI-C5Q|0.275|0.280|0.265|-0.010|-3.64|5,100
06505R|FBMKLCI-C5R|0.045|0.000|0.000|0.000|0.00|0
06505S|FBMKLCI-C5S|0.150|0.155|0.145|-0.005|-3.33|650
06505T|FBMKLCI-C5T|0.230|0.000|0.000|0.000|0.00|0
06505U|FBMKLCI-C5U|0.150|0.000|0.000|0.000|0.00|0
06505V|FBMKLCI-C5V|0.055|0.055|0.055|0.000|0.00|1,399
06505W|FBMKLCI-C5W|0.150|0.000|0.000|0.000|0.00|0
0820EA|FBMKLCI-EA|1.780|1.780|1.780|0.000|0.00|32
06506F|FBMKLCI-H6F|0.025|0.000|0.000|0.000|0.00|0
06506K|FBMKLCI-H6K|0.195|0.205|0.205|+0.010|+5.13|110
06506L|FBMKLCI-H6L|0.135|0.000|0.000|0.000|0.00|0
06506M|FBMKLCI-H6M|0.195|0.195|0.195|0.000|0.00|25
06506N|FBMKLCI-H6N|0.225|0.000|0.000|0.000|0.00|0
06506O|FBMKLCI-H6O|0.330|0.000|0.000|0.000|0.00|0
06506P|FBMKLCI-H6P|0.055|0.050|0.050|-0.005|-9.09|13,177
06506Q|FBMKLCI-H6Q|0.095|0.095|0.095|0.000|0.00|400
06506R|FBMKLCI-H6R|0.240|0.000|0.000|0.000|0.00|0
06506S|FBMKLCI-H6S|0.360|0.360|0.360|0.000|0.00|2,000
06506T|FBMKLCI-H6T|0.105|0.100|0.105|0.000|0.00|965
06506U|FBMKLCI-H6U|0.255|0.000|0.000|0.000|0.00|0
06506V|FBMKLCI-H6V|0.255|0.000|0.000|0.000|0.00|0
06506W|FBMKLCI-H6W|0.155|0.000|0.000|0.000|0.00|0
06506X|FBMKLCI-H6X|0.120|0.000|0.000|0.000|0.00|0
06506Y|FBMKLCI-H6Y|0.150|0.000|0.000|0.000|0.00|0
2755|FCW|0.950|0.000|0.000|0.000|0.00|0
5222|FGV|1.160|1.160|1.120|-0.040|-3.45|129,650
522255|FGV-C55|0.015|0.000|0.000|0.000|0.00|0
522256|FGV-C56|0.005|0.000|0.000|0.000|0.00|0
522257|FGV-C57|0.005|0.000|0.000|0.000|0.00|0
522258|FGV-C58|0.010|0.000|0.000|0.000|0.00|0
522259|FGV-C59|0.035|0.000|0.000|0.000|0.00|0
522260|FGV-C60|0.005|0.000|0.000|0.000|0.00|0
522261|FGV-C61|0.025|0.000|0.000|0.000|0.00|0
522262|FGV-C62|0.085|0.085|0.080|-0.005|-5.88|3,300
522263|FGV-C63|0.165|0.165|0.150|-0.015|-9.09|28,422
522264|FGV-C64|0.240|0.000|0.000|0.000|0.00|0
522265|FGV-C65|0.170|0.000|0.000|0.000|0.00|0
522266|FGV-C66|0.310|0.000|0.000|0.000|0.00|0
522267|FGV-C67|0.415|0.395|0.390|-0.025|-6.02|804
522268|FGV-C68|0.200|0.000|0.000|0.000|0.00|0
522269|FGV-C69|0.110|0.000|0.000|0.000|0.00|0
522270|FGV-C70|0.100|0.095|0.095|-0.005|-5.00|110
522271|FGV-C71|0.045|0.000|0.000|0.000|0.00|0
522272|FGV-C72|0.040|0.000|0.000|0.000|0.00|0
522273|FGV-C73|0.080|0.080|0.075|-0.005|-6.25|48,050
6939|FIAMMA|0.460|0.465|0.485|+0.025|+5.43|487
0149|FIBON|0.465|0.430|0.430|-0.035|-7.53|430
8605|FIHB|0.415|0.400|0.420|+0.005|+1.20|2,959
8605PA|FIHB-PA|0.085|0.000|0.000|0.000|0.00|0
8605PB|FIHB-PB|0.080|0.000|0.000|0.000|0.00|0
3107|FIMACOR|1.930|1.930|1.920|-0.010|-0.52|175
0150|FINTEC|0.050|0.050|0.050|0.000|0.00|5,680
0150PA|FINTEC-PA|0.025|0.025|0.020|-0.005|-20.00|2,750
0150WA|FINTEC-WA|0.010|0.000|0.000|0.000|0.00|0
0150WB|FINTEC-WB|0.020|0.015|0.015|-0.005|-25.00|600
9318|FITTERS|0.515|0.520|0.515|0.000|0.00|143,935
9318WB|FITTERS-WB|0.025|0.025|0.025|0.000|0.00|13,741
5197|FLBHD|1.670|1.670|1.660|-0.010|-0.60|3,925
0116|FOCUS|0.140|0.140|0.140|0.000|0.00|53,703
0116WC|FOCUS-WC|0.080|0.000|0.000|0.000|0.00|0
0157|FOCUSP|0.410|0.410|0.400|-0.010|-2.44|9,158
5277|FPGROUP|0.310|0.315|0.325|+0.015|+4.84|132,446
9172|FPI|1.820|1.830|1.860|+0.040|+2.20|5,404
7210|FREIGHT|0.585|0.585|0.585|0.000|0.00|1,870
0128|FRONTKN|0.965|0.965|0.960|-0.005|-0.52|68,606
9377|FSBM|0.095|0.000|0.000|0.000|0.00|0
9377WA|FSBM-WA|0.025|0.000|0.000|0.000|0.00|0
7184|G3|0.790|0.000|0.000|0.000|0.00|0
7184WA|G3-WA|0.700|0.000|0.000|0.000|0.00|0
9261|GADANG|0.685|0.690|0.675|-0.010|-1.46|40,057
9261WB|GADANG-WB|0.200|0.210|0.190|-0.010|-5.00|22,117
5398|GAMUDA|2.900|2.900|2.890|-0.010|-0.34|49,351
539851|GAMUDA-C51|0.015|0.000|0.000|0.000|0.00|0
539853|GAMUDA-C53|0.005|0.000|0.000|0.000|0.00|0
539856|GAMUDA-C56|0.030|0.000|0.000|0.000|0.00|0
539857|GAMUDA-C57|0.050|0.045|0.040|-0.010|-20.00|321
539858|GAMUDA-C58|0.080|0.070|0.070|-0.010|-12.50|600
539859|GAMUDA-C59|0.185|0.180|0.170|-0.015|-8.11|1,304
539860|GAMUDA-C60|0.110|0.110|0.105|-0.005|-4.55|5,000
539861|GAMUDA-C61|0.080|0.075|0.080|0.000|0.00|8,500
539862|GAMUDA-C62|0.110|0.000|0.000|0.000|0.00|0
539863|GAMUDA-C63|0.110|0.105|0.105|-0.005|-4.55|25,062
5398WE|GAMUDA-WE|0.230|0.225|0.220|-0.010|-4.35|5,844
5209|GASMSIA|2.830|2.840|2.840|+0.010|+0.35|496
5226|GBGAQRS|1.230|1.220|1.210|-0.020|-1.63|16,320
5226WB|GBGAQRS-WB|0.295|0.300|0.300|+0.005|+1.69|12,371
5102|GCB|3.730|3.720|3.740|+0.010|+0.27|4,679
5102CA|GCB-CA|0.280|0.000|0.000|0.000|0.00|0
5102CB|GCB-CB|0.190|0.195|0.190|0.000|0.00|38,746
5102CC|GCB-CC|0.145|0.155|0.150|+0.005|+3.45|9,000
5592|GCE|0.465|0.000|0.000|0.000|0.00|0
0198|GDB|0.290|0.295|0.295|+0.005|+1.72|27,175
0078|GDEX|0.335|0.335|0.345|+0.010|+2.99|81,967
0078WB|GDEX-WB|0.055|0.055|0.060|+0.005|+9.09|53,967
0580C1|GEELY-C1|0.050|0.000|0.000|0.000|0.00|0
0104|GENETEC|1.760|1.790|1.780|+0.020|+1.14|455
4715|GENM|3.380|3.380|3.410|+0.030|+0.89|82,546
471538|GENM-C38|0.005|0.000|0.000|0.000|0.00|0
471540|GENM-C40|0.150|0.000|0.000|0.000|0.00|0
471541|GENM-C41|0.005|0.000|0.000|0.000|0.00|0
471542|GENM-C42|0.045|0.000|0.000|0.000|0.00|0
471543|GENM-C43|0.045|0.045|0.045|0.000|0.00|730
471544|GENM-C44|0.075|0.000|0.000|0.000|0.00|0
471545|GENM-C45|0.155|0.150|0.155|0.000|0.00|1,000
471546|GENM-C46|0.110|0.110|0.115|+0.005|+4.55|8,500
471547|GENM-C47|0.140|0.140|0.140|0.000|0.00|3,000
471548|GENM-C48|0.125|0.000|0.000|0.000|0.00|0
471549|GENM-C49|0.200|0.195|0.205|+0.005|+2.50|1,400
471550|GENM-C50|0.185|0.185|0.185|0.000|0.00|112
471551|GENM-C51|0.135|0.135|0.140|+0.005|+3.70|13,999
471552|GENM-C52|0.205|0.000|0.000|0.000|0.00|0
471553|GENM-C53|0.125|0.000|0.000|0.000|0.00|0
471554|GENM-C54|0.095|0.095|0.095|0.000|0.00|4,008
2291|GENP|10.520|10.400|10.420|-0.100|-0.95|6,033
2291WA|GENP-WA|2.680|2.520|2.510|-0.170|-6.34|319
3182|GENTING|7.010|7.050|6.980|-0.030|-0.43|24,105
318251|GENTINGC51|0.005|0.000|0.000|0.000|0.00|0
318255|GENTINGC55|0.050|0.000|0.000|0.000|0.00|0
318256|GENTINGC56|0.030|0.000|0.000|0.000|0.00|0
318257|GENTINGC57|0.095|0.095|0.095|0.000|0.00|500
318258|GENTINGC58|0.070|0.070|0.060|-0.010|-14.29|1,550
318259|GENTINGC59|0.105|0.100|0.095|-0.010|-9.52|12,000
318260|GENTINGC60|0.150|0.000|0.000|0.000|0.00|0
318261|GENTINGC61|0.115|0.115|0.115|0.000|0.00|400
318262|GENTINGC62|0.150|0.155|0.155|+0.005|+3.33|21
318263|GENTINGC63|0.150|0.145|0.145|-0.005|-3.33|8,000
318264|GENTINGC64|0.090|0.000|0.000|0.000|0.00|0
7197|GESHEN|0.615|0.620|0.620|+0.005|+0.81|500
5079|GETS|0.125|0.125|0.125|0.000|0.00|1,360
0039|GFM|0.520|0.520|0.530|+0.010|+1.92|47,860
0039WC|GFM-WC|0.205|0.205|0.210|+0.005|+2.44|49,324
0021|GHLSYS|1.660|1.620|1.650|-0.010|-0.60|1,488
0021CA|GHLSYS-CA|0.110|0.000|0.000|0.000|0.00|0
3204|GKENT|1.180|1.180|1.180|0.000|0.00|86,260
7382|GLBHD|0.390|0.390|0.390|0.000|0.00|60
5020|GLOMAC|0.375|0.375|0.375|0.000|0.00|1,410
5220|GLOTEC|0.460|0.470|0.475|+0.015|+3.26|12,434
5220WA|GLOTEC-WA|0.080|0.080|0.070|-0.010|-12.50|173
9962|GMUTUAL|0.270|0.270|0.275|+0.005|+1.85|22
0045|GNB|0.050|0.050|0.050|0.000|0.00|2,000
1147|GOB|0.180|0.180|0.185|+0.005|+2.78|2,838
1147WA|GOB-WA|0.005|0.005|0.005|0.000|0.00|7,321
0074|GOCEAN|0.115|0.105|0.115|0.000|0.00|351
0074WA|GOCEAN-WA|0.005|0.000|0.000|0.000|0.00|0
0828EA|GOLDETF|1.745|0.000|0.000|0.000|0.00|0
7192|GOODWAY|0.215|0.215|0.215|0.000|0.00|1,472
2135|GOPENG|0.700|0.000|0.000|0.000|0.00|0
7096|GPA|0.105|0.105|0.100|-0.005|-4.76|1,590
7096WA|GPA-WA|0.025|0.030|0.030|+0.005|+20.00|25,549
0082|GPACKET|0.320|0.320|0.330|+0.010|+3.13|6,974
0082WB|GPACKET-WB|0.080|0.080|0.085|+0.005|+6.25|1,603
5649|GPHAROS|0.230|0.215|0.215|-0.015|-6.52|975
0056|GRANFLO|0.215|0.205|0.205|-0.010|-4.65|961
0136|GREENYB|0.125|0.125|0.130|+0.005|+4.00|450
7077|GSB|0.200|0.195|0.200|0.000|0.00|6,923
7022|GTRONIC|1.860|1.860|1.810|-0.050|-2.69|4,880
7022CR|GTRONIC-CR|0.005|0.000|0.000|0.000|0.00|0
7022CS|GTRONIC-CS|0.005|0.005|0.005|0.000|0.00|1,650
7022CT|GTRONIC-CT|0.005|0.000|0.000|0.000|0.00|0
7022CU|GTRONIC-CU|0.030|0.000|0.000|0.000|0.00|0
7022CV|GTRONIC-CV|0.095|0.000|0.000|0.000|0.00|0
7022CW|GTRONIC-CW|0.060|0.045|0.045|-0.015|-25.00|200
3247|GUH|0.500|0.000|0.000|0.000|0.00|0
7676|GUNUNG|0.305|0.300|0.290|-0.015|-4.92|547
7676WB|GUNUNG-WB|0.055|0.045|0.055|0.000|0.00|1,383
1503|GUOCO|0.735|0.735|0.735|0.000|0.00|884
7668|HAIO|2.690|2.690|2.700|+0.010|+0.37|836
7668CG|HAIO-CG|0.075|0.000|0.000|0.000|0.00|0
5151|HALEX|1.000|1.000|0.995|-0.005|-0.50|650
7253|HANDAL|0.360|0.360|0.380|+0.020|+5.56|18,029
3034|HAPSENG|9.880|9.900|9.850|-0.030|-0.30|1,580
3034CX|HAPSENG-CX|0.040|0.000|0.000|0.000|0.00|0
2062|HARBOUR|0.695|0.700|0.750|+0.055|+7.91|6,637
2062WC|HARBOUR-WC|0.070|0.000|0.000|0.000|0.00|0
5008|HARISON|3.800|3.800|3.900|+0.100|+2.63|2
7501|HARNLEN|0.660|0.660|0.660|0.000|0.00|289
5168|HARTA|4.570|4.570|4.620|+0.050|+1.09|71,715
516811|HARTA-C11|0.005|0.000|0.000|0.000|0.00|0
516815|HARTA-C15|0.020|0.000|0.000|0.000|0.00|0
516816|HARTA-C16|0.010|0.000|0.000|0.000|0.00|0
516817|HARTA-C17|0.005|0.000|0.000|0.000|0.00|0
516818|HARTA-C18|0.005|0.005|0.005|0.000|0.00|854
516819|HARTA-C19|0.055|0.000|0.000|0.000|0.00|0
516820|HARTA-C20|0.055|0.055|0.050|-0.005|-9.09|2,400
516821|HARTA-C21|0.065|0.070|0.065|0.000|0.00|1,000
516822|HARTA-C22|0.050|0.050|0.050|0.000|0.00|16,182
5187|HBGLOB|0.115|0.110|0.115|0.000|0.00|4,012
7105|HCK|1.250|0.000|0.000|0.000|0.00|0
7105WA|HCK-WA|0.295|0.000|0.000|0.000|0.00|0
3255|HEIM|22.700|22.720|22.740|+0.040|+0.18|372
5121|HEKTAR|1.140|1.130|1.140|0.000|0.00|754
4324|HENGYUAN|6.260|6.300|6.300|+0.040|+0.64|12,887
4324C1|HENGYUAN-C1|0.020|0.000|0.000|0.000|0.00|0
4324C2|HENGYUAN-C2|0.010|0.000|0.000|0.000|0.00|0
4324C4|HENGYUAN-C4|0.030|0.000|0.000|0.000|0.00|0
4324C5|HENGYUAN-C5|0.035|0.000|0.000|0.000|0.00|0
4324C6|HENGYUAN-C6|0.065|0.000|0.000|0.000|0.00|0
4324C7|HENGYUAN-C7|0.220|0.255|0.255|+0.035|+15.91|1,340
4324C8|HENGYUAN-C8|0.135|0.135|0.135|0.000|0.00|6,220
4324CZ|HENGYUAN-CZ|0.035|0.000|0.000|0.000|0.00|0
5095|HEVEA|0.660|0.670|0.650|-0.010|-1.52|4,045
5095WB|HEVEA-WB|0.450|0.000|0.000|0.000|0.00|0
3298|HEXZA|0.700|0.700|0.700|0.000|0.00|417
0175|HHGROUP|0.130|0.120|0.125|-0.005|-3.85|680
0160|HHHCORP|0.095|0.100|0.100|+0.005|+5.26|6,452
5072|HIAPTEK|0.295|0.295|0.310|+0.015|+5.08|95,539
5072LA|HIAPTEK-LA|0.300|0.300|0.305|+0.005|+1.67|910
5072WB|HIAPTEK-WB|0.080|0.085|0.085|+0.005|+6.25|13,660
5199|HIBISCS|1.020|1.040|1.070|+0.050|+4.90|812,061
5199CK|HIBISCS-CK|0.005|0.000|0.000|0.000|0.00|0
5199CM|HIBISCS-CM|0.085|0.085|0.095|+0.010|+11.76|19,755
5199CN|HIBISCS-CN|0.065|0.070|0.075|+0.010|+15.38|18,190
5199CO|HIBISCS-CO|0.075|0.000|0.000|0.000|0.00|0
5199CP|HIBISCS-CP|0.050|0.055|0.055|+0.005|+10.00|1,649
5199CQ|HIBISCS-CQ|0.115|0.120|0.130|+0.015|+13.04|100,420
5199CR|HIBISCS-CR|0.105|0.105|0.115|+0.010|+9.52|35,804
5199CS|HIBISCS-CS|0.110|0.000|0.000|0.000|0.00|0
5199CT|HIBISCS-CT|0.145|0.000|0.000|0.000|0.00|0
5199CU|HIBISCS-CU|0.085|0.090|0.100|+0.015|+17.65|57,771
5199CV|HIBISCS-CV|0.080|0.085|0.085|+0.005|+6.25|800
5199CW|HIBISCS-CW|0.085|0.100|0.100|+0.015|+17.65|16
5199WC|HIBISCS-WC|0.460|0.470|0.485|+0.025|+5.43|327,608
7033|HIGHTEC|1.280|0.000|0.000|0.000|0.00|0
8443|HIL|0.550|0.555|0.550|0.000|0.00|4,024
8443WB|HIL-WB|0.190|0.000|0.000|0.000|0.00|0
0505CF|HKEX-CF|0.425|0.000|0.000|0.000|0.00|0
5819|HLBANK|20.760|20.760|20.740|-0.020|-0.10|7,220
5819CN|HLBANK-CN|0.045|0.035|0.035|-0.010|-22.22|500
5819CO|HLBANK-CO|0.125|0.000|0.000|0.000|0.00|0
5274|HLCAP|9.600|0.000|0.000|0.000|0.00|0
1082|HLFG|19.300|19.120|19.300|0.000|0.00|3,469
3301|HLIND|9.930|10.000|9.940|+0.010|+0.10|569
0188|HLT|0.130|0.000|0.000|0.000|0.00|0
0188WA|HLT-WA|0.060|0.045|0.060|0.000|0.00|651
5169|HOHUP|0.440|0.440|0.435|-0.005|-1.14|8,760
5165|HOKHENG|0.545|0.550|0.590|+0.045|+8.26|1,438
5160|HOMERIZ|0.620|0.615|0.615|-0.005|-0.81|1,012
5160WA|HOMERIZ-WA|0.065|0.070|0.070|+0.005|+7.69|1,999
7010|HOOVER|0.600|0.000|0.000|0.000|0.00|0
06513U|HSI-C3U|0.045|0.010|0.015|-0.030|-66.67|191
06513V|HSI-C3V|0.085|0.095|0.085|0.000|0.00|328,492
06513W|HSI-C3W|0.380|0.405|0.380|0.000|0.00|140,979
06513X|HSI-C3X|0.905|0.940|0.920|+0.015|+1.66|520
06513Y|HSI-C3Y|0.085|0.090|0.090|+0.005|+5.88|100
06513Z|HSI-C3Z|0.175|0.185|0.175|0.000|0.00|35,372
06515A|HSI-C5A|0.385|0.410|0.400|+0.015|+3.90|203,380
06515B|HSI-C5B|0.710|0.735|0.720|+0.010|+1.41|49,423
06515C|HSI-C5C|0.210|0.220|0.210|0.000|0.00|114,307
06515D|HSI-C5D|0.340|0.355|0.350|+0.010|+2.94|205,402
06515E|HSI-C5E|0.645|0.650|0.655|+0.010|+1.55|15,030
06515F|HSI-C5F|0.995|1.000|1.020|+0.025|+2.51|400
06515G|HSI-C5G|0.530|0.545|0.540|+0.010|+1.89|8,740
06515H|HSI-C5H|0.825|0.835|0.790|-0.035|-4.24|800
06515I|HSI-C5I|1.190|0.000|0.000|0.000|0.00|0
06515J|HSI-C5J|0.660|0.685|0.680|+0.020|+3.03|26,416
06515K|HSI-C5K|1.030|0.000|0.000|0.000|0.00|0
06515L|HSI-C5L|1.400|1.360|1.410|+0.010|+0.71|20
06515M|HSI-C5M|1.880|0.000|0.000|0.000|0.00|0
06514V|HSI-H4V|0.005|0.005|0.005|0.000|0.00|45,649
06514W|HSI-H4W|0.005|0.005|0.005|0.000|0.00|16,546
06514X|HSI-H4X|0.010|0.005|0.005|-0.005|-50.00|2,007
06514Y|HSI-H4Y|0.045|0.040|0.035|-0.010|-22.22|33,588
06514Z|HSI-H4Z|0.015|0.010|0.010|-0.005|-33.33|9,091
06516A|HSI-H6A|0.030|0.025|0.030|0.000|0.00|13,362
06516B|HSI-H6B|0.065|0.060|0.050|-0.015|-23.08|990
06516C|HSI-H6C|0.115|0.105|0.110|-0.005|-4.35|69,301
06516D|HSI-H6D|0.120|0.000|0.000|0.000|0.00|0
06516E|HSI-H6E|0.150|0.140|0.145|-0.005|-3.33|9,110
06516F|HSI-H6F|0.275|0.265|0.265|-0.010|-3.64|489,264
06516G|HSI-H6G|0.480|0.470|0.470|-0.010|-2.08|130,555
06516H|HSI-H6H|0.115|0.000|0.000|0.000|0.00|0
06516I|HSI-H6I|0.180|0.000|0.000|0.000|0.00|0
06516J|HSI-H6J|0.285|0.275|0.275|-0.010|-3.51|9,750
06516K|HSI-H6K|0.100|0.075|0.075|-0.025|-25.00|100
06516L|HSI-H6L|0.155|0.000|0.000|0.000|0.00|0
06516M|HSI-H6M|0.195|0.185|0.185|-0.010|-5.13|8,400
06516N|HSI-H6N|0.315|0.300|0.305|-0.010|-3.17|1,122
6238|HSL|1.410|1.440|1.480|+0.070|+4.96|1,929
5138|HSPLANT|1.800|1.800|1.930|+0.130|+7.22|152
0185|HSSEB|1.180|1.200|1.150|-0.030|-2.54|17,851
0185WA|HSSEB-WA|0.235|0.235|0.220|-0.015|-6.38|1,475
5028|HTPADU|0.700|0.700|0.710|+0.010|+1.43|2,664
2739|HUAAN|0.220|0.220|0.290|+0.070|+31.82|3,750,775
5062|HUAYANG|0.410|0.400|0.425|+0.015|+3.66|36,064
7013|HUBLINE|0.060|0.055|0.060|0.000|0.00|531,346
7013WA|HUBLINE-WA|0.005|0.000|0.000|0.000|0.00|0
7013WB|HUBLINE-WB|0.010|0.010|0.010|0.000|0.00|1,602
7013WC|HUBLINE-WC|0.020|0.020|0.020|0.000|0.00|32,156
5000|HUMEIND|0.730|0.735|0.735|+0.005|+0.68|2,684
5024|HUPSENG|1.020|1.020|1.010|-0.010|-0.98|889
8478|HWATAI|0.320|0.305|0.310|-0.010|-3.13|45
9601|HWGB|0.105|0.100|0.105|0.000|0.00|1,983
9601WD|HWGB-WD|0.030|0.000|0.000|0.000|0.00|0
4251|IBHD|0.430|0.420|0.430|0.000|0.00|2,570
4251LB|IBHD-LB|0.310|0.310|0.310|0.000|0.00|200
4251WA|IBHD-WA|0.010|0.000|0.000|0.000|0.00|0
5084|IBRACO|0.700|0.000|0.000|0.000|0.00|0
5108|ICAP|2.400|2.420|2.440|+0.040|+1.67|256
0502CF|ICBC-CF|0.100|0.000|0.000|0.000|0.00|0
5255|ICON|0.100|0.105|0.105|+0.005|+5.00|182,923
9687|IDEAL|1.120|1.140|1.080|-0.040|-3.57|4,882
9687WB|IDEAL-WB|0.370|0.365|0.360|-0.010|-2.70|711
0174|IDMENSN|0.025|0.025|0.025|0.000|0.00|500
0174WA|IDMENSN-WA|0.005|0.000|0.000|0.000|0.00|0
0023|IFCAMSC|0.445|0.445|0.485|+0.040|+8.99|749,742
5606|IGBB|2.520|2.500|2.510|-0.010|-0.40|255
5606PA|IGBB-PA|1.120|0.000|0.000|0.000|0.00|0
5606PB|IGBB-PB|3.200|0.000|0.000|0.000|0.00|0
5227|IGBREIT|1.750|1.760|1.760|+0.010|+0.57|5,417
5225|IHH|5.910|5.910|5.890|-0.020|-0.34|43,298
522510|IHH-C10|0.135|0.135|0.135|0.000|0.00|900
5225C7|IHH-C7|0.050|0.000|0.000|0.000|0.00|0
5225C8|IHH-C8|0.125|0.125|0.120|-0.005|-4.00|2,448
5225C9|IHH-C9|0.095|0.000|0.000|0.000|0.00|0
0401GA|IHS046000824|96.000|0.000|0.000|0.000|0.00|0
3336|IJM|1.980|1.970|1.990|+0.010|+0.51|45,687
333620|IJM-C20|0.070|0.000|0.000|0.000|0.00|0
333621|IJM-C21|0.065|0.070|0.070|+0.005|+7.69|290
333622|IJM-C22|0.005|0.000|0.000|0.000|0.00|0
333624|IJM-C24|0.135|0.140|0.140|+0.005|+3.70|400
333625|IJM-C25|0.155|0.000|0.000|0.000|0.00|0
2216|IJMPLNT|1.660|0.000|0.000|0.000|0.00|0
5268|IKHMAS|0.140|0.140|0.165|+0.025|+17.86|122,972
5614|ILB|0.440|0.440|0.440|0.000|0.00|200
7222|IMASPRO|2.230|2.220|2.230|0.000|0.00|11,207
0166|INARI|1.550|1.540|1.480|-0.070|-4.52|168,747
016621|INARI-C21|0.005|0.000|0.000|0.000|0.00|0
016622|INARI-C22|0.005|0.000|0.000|0.000|0.00|0
016623|INARI-C23|0.005|0.000|0.000|0.000|0.00|0
016624|INARI-C24|0.005|0.000|0.000|0.000|0.00|0
016625|INARI-C25|0.005|0.000|0.000|0.000|0.00|0
016626|INARI-C26|0.040|0.035|0.035|-0.005|-12.50|300
016627|INARI-C27|0.035|0.035|0.030|-0.005|-14.29|5,950
016628|INARI-C28|0.030|0.025|0.025|-0.005|-16.67|500
016629|INARI-C29|0.070|0.065|0.060|-0.010|-14.29|4,000
016630|INARI-C30|0.065|0.000|0.000|0.000|0.00|0
016631|INARI-C31|0.115|0.115|0.105|-0.010|-8.70|35,180
016632|INARI-C32|0.125|0.120|0.115|-0.010|-8.00|18,338
016633|INARI-C33|0.275|0.250|0.245|-0.030|-10.91|604
016634|INARI-C34|0.080|0.080|0.075|-0.005|-6.25|13,985
016635|INARI-C35|0.060|0.060|0.055|-0.005|-8.33|3,000
016636|INARI-C36|0.075|0.070|0.070|-0.005|-6.67|400
016637|INARI-C37|0.115|0.100|0.100|-0.015|-13.04|158
0166WB|INARI-WB|1.030|1.000|0.980|-0.050|-4.85|2,535
2607|INCKEN|0.620|0.620|0.615|-0.005|-0.81|3,085
0094|INIX|0.055|0.060|0.055|0.000|0.00|13,153
0094WA|INIX-WA|0.025|0.025|0.025|0.000|0.00|2,450
0147|INNITY|0.575|0.000|0.000|0.000|0.00|0
6262|INNO|0.730|0.730|0.730|0.000|0.00|200
3379|INSAS|0.785|0.775|0.775|-0.010|-1.27|343
3379PA|INSAS-PA|0.980|0.980|0.985|+0.005|+0.51|372
3379WB|INSAS-WB|0.085|0.075|0.075|-0.010|-11.76|1,641
0192|INTA|0.280|0.280|0.275|-0.005|-1.79|3,145
1961|IOICORP|4.490|4.490|4.460|-0.030|-0.67|27,744
196119|IOICORP-C19|0.050|0.045|0.045|-0.005|-10.00|16
5249|IOIPG|1.470|1.490|1.470|0.000|0.00|3,796
5249CU|IOIPG-CU|0.045|0.000|0.000|0.000|0.00|0
5249CV|IOIPG-CV|0.170|0.165|0.165|-0.005|-2.94|1,000
5673|IPMUDA|0.500|0.520|0.530|+0.030|+6.00|20
5107|IQGROUP|1.150|1.140|1.220|+0.070|+6.09|120
8834|IREKA|0.560|0.000|0.000|0.000|0.00|0
8834WB|IREKA-WB|0.005|0.000|0.000|0.000|0.00|0
7183|IRETEX|0.135|0.135|0.135|0.000|0.00|8,196
7183LA|IRETEX-LA|0.015|0.015|0.015|0.000|0.00|1,000
7183WA|IRETEX-WA|0.005|0.000|0.000|0.000|0.00|0
0010|IRIS|0.140|0.140|0.140|0.000|0.00|256,079
9393|ITRONIC|0.100|0.100|0.095|-0.005|-5.00|241
5175|IVORY|0.215|0.215|0.220|+0.005|+2.33|6,476
1589|IWCITY|0.715|0.720|0.725|+0.010|+1.40|292,002
7223|JADI|0.035|0.040|0.040|+0.005|+14.29|1,000
0024|JAG|0.050|0.050|0.055|+0.005|+10.00|7,100
0024WA|JAG-WA|0.005|0.000|0.000|0.000|0.00|0
0024WB|JAG-WB|0.010|0.010|0.005|-0.005|-50.00|5,896
4723|JAKS|0.790|0.795|0.805|+0.015|+1.90|115,797
4723WB|JAKS-WB|0.500|0.510|0.525|+0.025|+5.00|10,802
8648|JASKITA|0.115|0.000|0.000|0.000|0.00|0
7152|JAYCORP|0.870|0.865|0.885|+0.015|+1.72|758
0058|JCBNEXT|1.520|1.500|1.520|0.000|0.00|55
5161|JCY|0.230|0.230|0.225|-0.005|-2.17|23,590
8931|JERASIA|0.375|0.385|0.390|+0.015|+4.00|973
9083|JETSON|0.185|0.000|0.000|0.000|0.00|0
0146|JFTECH|0.755|0.755|0.755|0.000|0.00|694
0127|JHM|1.130|1.130|1.130|0.000|0.00|16,614
8923|JIANKUN|0.325|0.000|0.000|0.000|0.00|0
8923WA|JIANKUN-WA|0.075|0.000|0.000|0.000|0.00|0
6769|JKGLAND|0.075|0.075|0.075|0.000|0.00|50
03003|JMEDU|0.535|0.000|0.000|0.000|0.00|0
7043|JMR|0.950|0.000|0.000|0.000|0.00|0
3441|JOHAN|0.085|0.090|0.095|+0.010|+11.76|36,820
7167|JOHOTIN|1.410|1.410|1.430|+0.020|+1.42|6,636
4383|JTIASA|0.560|0.560|0.565|+0.005|+0.89|7,385
0111|K1|0.235|0.235|0.245|+0.010|+4.26|72,926
0111WC|K1-WC|0.105|0.105|0.105|0.000|0.00|21,845
0193|KAB|0.215|0.215|0.210|-0.005|-2.33|9,222
8672|KAMDAR|0.290|0.000|0.000|0.000|0.00|0
0170|KANGER|0.045|0.040|0.045|0.000|0.00|2,256
0170WA|KANGER-WA|0.020|0.015|0.020|0.000|0.00|5,321
5247|KAREX|0.455|0.460|0.455|0.000|0.00|183,645
0054|KARYON|0.130|0.130|0.140|+0.010|+7.69|10,855
7216|KAWAN|1.750|1.740|1.730|-0.020|-1.14|590
3115|KBUNAI|0.085|0.085|0.085|0.000|0.00|3,624
3115WC|KBUNAI-WC|0.020|0.020|0.025|+0.005|+25.00|4,835
7199|KEINHIN|0.625|0.000|0.000|0.000|0.00|0
7323|KEN|0.675|0.675|0.680|+0.005|+0.74|160
6483|KENANGA|0.525|0.525|0.525|0.000|0.00|1,979
7161|KERJAYA|1.260|1.260|1.260|0.000|0.00|1,142
7161CJ|KERJAYA-CJ|0.020|0.000|0.000|0.000|0.00|0
7161WB|KERJAYA-WB|0.190|0.190|0.200|+0.010|+5.26|717
9334|KESM|8.680|8.660|8.490|-0.190|-2.19|745
0143|KEYASIC|0.110|0.110|0.115|+0.005|+4.55|150,525
6491|KFIMA|1.660|1.650|1.650|-0.010|-0.60|30
8303|KFM|0.200|0.190|0.180|-0.020|-10.00|2,000
0151|KGB|1.260|1.250|1.250|-0.010|-0.79|5,157
0151WA|KGB-WA|0.745|0.735|0.730|-0.015|-2.01|1,305
0036|KGROUP|0.040|0.040|0.040|0.000|0.00|1,020
0036WB|KGROUP-WB|0.005|0.005|0.005|0.000|0.00|4,000
6203|KHEESAN|0.650|0.610|0.650|0.000|0.00|311
7062|KHIND|1.730|0.000|0.000|0.000|0.00|0
6211|KIALIM|0.225|0.235|0.230|+0.005|+2.22|151
3522|KIANJOO|3.090|3.090|3.090|0.000|0.00|6,072
5371|KIMHIN|1.200|1.180|1.190|-0.010|-0.83|420
5171|KIMLUN|1.220|1.230|1.230|+0.010|+0.82|27
5171WA|KIMLUN-WA|0.330|0.000|0.000|0.000|0.00|0
5060|KINSTEL|0.005|0.000|0.000|0.000|0.00|0
5280|KIPREIT|0.850|0.850|0.855|+0.005|+0.59|1,517
9466|KKB|1.220|1.280|1.350|+0.130|+10.66|34,247
5235SS|KLCC|7.780|7.780|7.780|0.000|0.00|1,008
2445|KLK|24.900|25.000|24.860|-0.040|-0.16|2,873
2445C2|KLK-C2|0.140|0.000|0.000|0.000|0.00|0
2453|KLUANG|3.530|3.520|3.520|-0.010|-0.28|753
5027|KMLOONG|1.290|1.290|1.270|-0.020|-1.55|3,005
5027WB|KMLOONG-WB|0.245|0.255|0.255|+0.010|+4.08|337
7164|KNM|0.115|0.115|0.115|0.000|0.00|531,026
7164WB|KNM-WB|0.020|0.015|0.020|0.000|0.00|24
5035|KNUSFOR|0.470|0.000|0.000|0.000|0.00|0
6971|KOBAY|1.360|1.350|1.350|-0.010|-0.74|49
7017|KOMARK|0.195|0.195|0.210|+0.015|+7.69|58,381
7017WB|KOMARK-WB|0.025|0.025|0.025|0.000|0.00|2,420
7153|KOSSAN|3.580|3.580|3.620|+0.040|+1.12|12,579
7153CY|KOSSAN-CY|0.005|0.000|0.000|0.000|0.00|0
7153CZ|KOSSAN-CZ|0.150|0.000|0.000|0.000|0.00|0
0002|KOTRA|1.730|1.750|1.730|0.000|0.00|220
5878|KPJ|1.020|1.020|1.020|0.000|0.00|106,141
5878CR|KPJ-CR|0.020|0.000|0.000|0.000|0.00|0
5878CS|KPJ-CS|0.030|0.000|0.000|0.000|0.00|0
7130|KPOWER|0.400|0.400|0.350|-0.050|-12.50|4,006
5843|KPS|1.320|1.330|1.420|+0.100|+7.58|12,055
9121|KPSCB|0.495|0.495|0.495|0.000|0.00|10
1996|KRETAM|0.395|0.395|0.400|+0.005|+1.27|5,088
0176|KRONO|0.610|0.605|0.605|-0.005|-0.82|30,555
3476|KSENG|4.750|4.780|4.750|0.000|0.00|723
5038|KSL|0.940|0.930|0.915|-0.025|-2.66|4,507
5192|KSSC|0.540|0.550|0.480|-0.060|-11.11|38,174
5172|KSTAR|0.095|0.000|0.000|0.000|0.00|0
5172WA|KSTAR-WA|0.010|0.005|0.005|-0.005|-50.00|2
4847|KTB|0.070|0.065|0.070|0.000|0.00|1,677
0180|KTC|0.180|0.180|0.185|+0.005|+2.78|15,218
6874|KUB|0.425|0.420|0.405|-0.020|-4.71|100,139
2186|KUCHAI|1.600|1.600|1.590|-0.010|-0.63|150
6572|KWANTAS|0.830|0.810|0.810|-0.020|-2.41|100
8362|KYM|0.320|0.000|0.000|0.000|0.00|0
3174|L&G|0.150|0.150|0.150|0.000|0.00|47,168
3794|LAFMSIA|2.260|2.260|2.250|-0.010|-0.44|8,541
0018|LAMBO|0.150|0.150|0.150|0.000|0.00|55,585
1643|LANDMRK|0.480|0.480|0.480|0.000|0.00|348
7006|LATITUD|4.050|4.060|4.050|0.000|0.00|52
9385|LAYHONG|0.430|0.430|0.455|+0.025|+5.81|185,675
9385WA|LAYHONG-WA|0.180|0.185|0.200|+0.020|+11.11|43,064
9326|LBALUM|0.490|0.480|0.490|0.000|0.00|230
8494|LBICAP|0.860|0.860|0.850|-0.010|-1.16|210
5789|LBS|0.660|0.660|0.655|-0.005|-0.76|5,522
5789PA|LBS-PA|0.840|0.000|0.000|0.000|0.00|0
5789WB|LBS-WB|0.250|0.220|0.250|0.000|0.00|345
5284|LCTITAN|4.340|4.360|4.280|-0.060|-1.38|4,242
9628|LEBTECH|0.855|0.000|0.000|0.000|0.00|0
8079|LEESK|0.935|0.940|0.930|-0.005|-0.53|635
5232|LEONFB|0.500|0.500|0.500|0.000|0.00|1,810
8745|LEWEKO|0.140|0.000|0.000|0.000|0.00|0
8745WB|LEWEKO-WB|0.055|0.060|0.055|0.000|0.00|1,054
7170|LFECORP|0.105|0.110|0.110|+0.005|+4.76|1
3573|LIENHOE|0.275|0.270|0.275|0.000|0.00|352
7089|LIIHEN|2.720|2.750|2.740|+0.020|+0.74|535
8486|LIONFIB|0.425|0.440|0.460|+0.035|+8.24|422
4235|LIONIND|0.550|0.545|0.550|0.000|0.00|54,490
6645|LITRAK|4.300|4.280|4.400|+0.100|+2.33|2,038
0182|LKL|0.105|0.110|0.110|+0.005|+4.76|1,320
7126|LONBISC|0.420|0.420|0.420|0.000|0.00|69,288
7126WA|LONBISC-WA|0.045|0.040|0.040|-0.005|-11.11|2,357
8621|LPI|16.100|16.020|16.000|-0.100|-0.62|222
9881|LSTEEL|0.285|0.280|0.285|0.000|0.00|430
7085|LTKM|1.230|1.240|1.250|+0.020|+1.63|415
5068|LUSTER|0.075|0.075|0.080|+0.005|+6.67|81,187
5068WA|LUSTER-WA|0.030|0.030|0.030|0.000|0.00|7,133
5068WB|LUSTER-WB|0.030|0.030|0.035|+0.005|+16.67|550
5143|LUXCHEM|0.535|0.535|0.535|0.000|0.00|1,007
0075|LYC|0.330|0.335|0.345|+0.015|+4.55|425
9199|LYSAGHT|2.650|2.600|2.650|0.000|0.00|130
5078|M&G|0.100|0.100|0.095|-0.005|-5.00|9,100
0017|M3TECH|0.045|0.040|0.050|+0.005|+11.11|8,146
0017WA|M3TECH-WA|0.005|0.000|0.000|0.000|0.00|0
1198|MAA|1.010|1.010|1.020|+0.010|+0.99|4,550
7617|MAGNA|0.880|0.850|0.930|+0.050|+5.68|3,020
7617WB|MAGNA-WB|0.190|0.000|0.000|0.000|0.00|0
7087|MAGNI|4.550|4.550|4.560|+0.010|+0.22|377
3859|MAGNUM|2.450|2.430|2.460|+0.010|+0.41|25,624
8583|MAHSING|0.920|0.925|0.925|+0.005|+0.54|7,063
858317|MAHSING-C17|0.040|0.000|0.000|0.000|0.00|0
858318|MAHSING-C18|0.030|0.000|0.000|0.000|0.00|0
858319|MAHSING-C19|0.030|0.000|0.000|0.000|0.00|0
8583WC|MAHSING-WC|0.015|0.015|0.015|0.000|0.00|4
5264|MALAKOF|0.890|0.900|0.905|+0.015|+1.69|17,112
526412|MALAKOFC12|0.005|0.000|0.000|0.000|0.00|0
526413|MALAKOFC13|0.005|0.000|0.000|0.000|0.00|0
526414|MALAKOFC14|0.005|0.000|0.000|0.000|0.00|0
526415|MALAKOFC15|0.025|0.025|0.025|0.000|0.00|700
526416|MALAKOFC16|0.010|0.010|0.010|0.000|0.00|2,760
526417|MALAKOFC17|0.090|0.000|0.000|0.000|0.00|0
526418|MALAKOFC18|0.050|0.045|0.045|-0.005|-10.00|14,390
526419|MALAKOFC19|0.115|0.115|0.115|0.000|0.00|700
526420|MALAKOFC20|0.085|0.085|0.085|0.000|0.00|200
526421|MALAKOFC21|0.065|0.000|0.000|0.000|0.00|0
4936|MALPAC|0.850|0.000|0.000|0.000|0.00|0
6181|MALTON|0.520|0.520|0.525|+0.005|+0.96|36,356
1058|MANULFE|2.550|2.550|2.550|0.000|0.00|50
3514|MARCO|0.125|0.125|0.125|0.000|0.00|500
5098|MASTEEL|0.490|0.485|0.490|0.000|0.00|36,536
7029|MASTER|0.740|0.750|0.760|+0.020|+2.70|7,190
0189|MATANG|0.070|0.070|0.070|0.000|0.00|5,160
5236|MATRIX|1.950|1.950|1.950|0.000|0.00|1,002
5236WA|MATRIX-WA|0.135|0.130|0.120|-0.015|-11.11|2,085
6012|MAXIS|5.330|5.300|5.290|-0.040|-0.75|16,168
601210|MAXIS-C10|0.055|0.000|0.000|0.000|0.00|0
6012C8|MAXIS-C8|0.065|0.000|0.000|0.000|0.00|0
6012C9|MAXIS-C9|0.045|0.000|0.000|0.000|0.00|0
5189|MAXWELL|0.010|0.000|0.000|0.000|0.00|0
5189WA|MAXWELL-WA|0.005|0.000|0.000|0.000|0.00|0
1155|MAYBANK|9.550|9.550|9.490|-0.060|-0.63|60,271
115543|MAYBANKC43|0.080|0.080|0.080|0.000|0.00|310
115544|MAYBANKC44|0.005|0.000|0.000|0.000|0.00|0
115545|MAYBANKC45|0.020|0.000|0.000|0.000|0.00|0
115546|MAYBANKC46|0.010|0.000|0.000|0.000|0.00|0
115547|MAYBANKC47|0.035|0.000|0.000|0.000|0.00|0
115548|MAYBANKC48|0.030|0.000|0.000|0.000|0.00|0
115549|MAYBANKC49|0.110|0.105|0.105|-0.005|-4.55|840
115550|MAYBANKC50|0.105|0.000|0.000|0.000|0.00|0
115551|MAYBANKC51|0.110|0.100|0.100|-0.010|-9.09|4,400
115552|MAYBANKC52|0.045|0.050|0.050|+0.005|+11.11|220
115553|MAYBANKC53|0.150|0.000|0.000|0.000|0.00|0
5077|MAYBULK|0.595|0.595|0.590|-0.005|-0.84|7,329
5886|MBG|0.800|0.000|0.000|0.000|0.00|0
5152|MBL|1.160|1.150|1.170|+0.010|+0.86|1,748
5152WA|MBL-WA|0.380|0.000|0.000|0.000|0.00|0
5983|MBMR|2.830|2.850|2.810|-0.020|-0.71|11,462
1171|MBSB|0.970|0.975|0.975|+0.005|+0.52|21,185
117115|MBSB-C15|0.010|0.000|0.000|0.000|0.00|0
117116|MBSB-C16|0.060|0.000|0.000|0.000|0.00|0
117117|MBSB-C17|0.040|0.040|0.040|0.000|0.00|650
117118|MBSB-C18|0.055|0.000|0.000|0.000|0.00|0
117119|MBSB-C19|0.045|0.000|0.000|0.000|0.00|0
117120|MBSB-C20|0.025|0.000|0.000|0.000|0.00|0
117121|MBSB-C21|0.150|0.000|0.000|0.000|0.00|0
7189|MBWORLD|1.630|0.000|0.000|0.000|0.00|0
7004|MCEHLDG|0.620|0.600|0.620|0.000|0.00|1,666
0167|MCLEAN|0.090|0.000|0.000|0.000|0.00|0
0167WB|MCLEAN-WB|0.015|0.000|0.000|0.000|0.00|0
5182|MCT|0.660|0.615|0.660|0.000|0.00|1,030
5040|MEDAINC|0.295|0.295|0.300|+0.005|+1.69|2,670
5040WA|MEDAINC-WA|0.095|0.000|0.000|0.000|0.00|0
5040WB|MEDAINC-WB|0.025|0.000|0.000|0.000|0.00|0
5040WC|MEDAINC-WC|0.025|0.020|0.020|-0.005|-20.00|3,200
4502|MEDIA|0.525|0.530|0.535|+0.010|+1.90|35,722
5090|MEDIAC|0.225|0.225|0.225|0.000|0.00|5,676
0081|MEGASUN|0.140|0.140|0.135|-0.005|-3.57|1,750
0081WA|MEGASUN-WA|0.035|0.035|0.020|-0.015|-42.86|1,500
5129|MELATI|0.470|0.480|0.460|-0.010|-2.13|60
3778|MELEWAR|0.135|0.140|0.145|+0.010|+7.41|10,518
3778WB|MELEWAR-WB|0.045|0.045|0.050|+0.005|+11.11|2,620
1694|MENANG|0.395|0.380|0.395|0.000|0.00|236
1694WB|MENANG-WB|0.005|0.005|0.010|+0.005|+100.00|380
0577C2|MENGNIU-C2|0.180|0.000|0.000|0.000|0.00|0
5223|MENTIGA|0.635|0.635|0.570|-0.065|-10.24|504
8192|MERCURY|0.830|0.800|0.805|-0.025|-3.01|70
5006|MERGE|1.450|1.460|1.410|-0.040|-2.76|3,083
7234|MESB|0.300|0.320|0.305|+0.005|+1.67|3,789
7234WA|MESB-WA|0.105|0.000|0.000|0.000|0.00|0
0826EA|METFAPA|1.040|0.000|0.000|0.000|0.00|0
0825EA|METFSID|0.806|0.000|0.000|0.000|0.00|0
0827EA|METFUS50|1.065|0.000|0.000|0.000|0.00|0
6149|METROD|1.700|0.000|0.000|0.000|0.00|0
3069|MFCB|3.900|3.890|3.920|+0.020|+0.51|2,248
3069WA|MFCB-WA|1.730|1.730|1.730|0.000|0.00|1,777
03015|MFGROUP|0.220|0.000|0.000|0.000|0.00|0
3662|MFLOUR|0.765|0.765|0.760|-0.005|-0.65|136,971
3662LA|MFLOUR-LA|1.490|1.490|1.480|-0.010|-0.67|2,068
3662WC|MFLOUR-WC|0.395|0.405|0.400|+0.005|+1.27|54,544
7595|MGB|0.750|0.750|0.750|0.000|0.00|200
7595WA|MGB-WA|0.250|0.245|0.240|-0.010|-4.00|1,000
0155|MGRC|0.300|0.000|0.000|0.000|0.00|0
5186|MHB|0.810|0.820|0.855|+0.045|+5.56|22,147
518613|MHB-C13|0.020|0.000|0.000|0.000|0.00|0
5026|MHC|0.590|0.625|0.625|+0.035|+5.93|60
03005|MHCARE|0.520|0.000|0.000|0.000|0.00|0
5286|MI|2.220|2.200|2.220|0.000|0.00|3,451
5286CA|MI-CA|0.090|0.000|0.000|0.000|0.00|0
5286CB|MI-CB|0.035|0.000|0.000|0.000|0.00|0
5286CC|MI-CC|0.055|0.000|0.000|0.000|0.00|0
5286CD|MI-CD|0.135|0.000|0.000|0.000|0.00|0
5286CE|MI-CE|0.150|0.000|0.000|0.000|0.00|0
5286CF|MI-CF|0.125|0.000|0.000|0.000|0.00|0
0126|MICROLN|0.425|0.400|0.420|-0.005|-1.18|560
5001|MIECO|0.290|0.285|0.285|-0.005|-1.72|8,795
0112|MIKROMB|0.250|0.250|0.250|0.000|0.00|2,235
7935|MILUX|0.680|0.640|0.680|0.000|0.00|150
5166|MINDA|0.055|0.050|0.050|-0.005|-9.09|8,552
7219|MINETEC|0.055|0.055|0.055|0.000|0.00|60
7219WA|MINETEC-WA|0.005|0.000|0.000|0.000|0.00|0
5576|MINHO|0.305|0.305|0.305|0.000|0.00|1,646
5576WC|MINHO-WC|0.060|0.060|0.065|+0.005|+8.33|1,045
3816|MISC|6.720|6.710|6.740|+0.020|+0.30|6,907
381619|MISC-C19|0.160|0.165|0.160|0.000|0.00|16
381620|MISC-C20|0.095|0.000|0.000|0.000|0.00|0
381621|MISC-C21|0.160|0.000|0.000|0.000|0.00|0
9571|MITRA|0.410|0.410|0.415|+0.005|+1.22|57,238
9571WD|MITRA-WD|0.050|0.045|0.050|0.000|0.00|4,259
9571WE|MITRA-WE|0.095|0.095|0.100|+0.005|+5.26|1,800
8141|MJPERAK|0.210|0.205|0.205|-0.005|-2.38|12,160
6114|MKH|1.320|1.320|1.310|-0.010|-0.76|592
8893|MKLAND|0.195|0.190|0.195|0.000|0.00|1,205
0085|MLAB|0.040|0.040|0.040|0.000|0.00|9,300
0085WA|MLAB-WA|0.010|0.000|0.000|0.000|0.00|0
0085WB|MLAB-WB|0.005|0.000|0.000|0.000|0.00|0
0034|MMAG|0.225|0.225|0.225|0.000|0.00|150
0034PA|MMAG-PA|0.090|0.090|0.090|0.000|0.00|1,500
0034WB|MMAG-WB|0.060|0.060|0.060|0.000|0.00|4,621
2194|MMCCORP|1.150|1.150|1.120|-0.030|-2.61|44,140
0113|MMSV|0.945|0.940|0.940|-0.005|-0.53|1,377
0103|MNC|0.040|0.035|0.035|-0.005|-12.50|100
0103WA|MNC-WA|0.005|0.000|0.000|0.000|0.00|0
6459|MNRB|1.010|1.000|1.010|0.000|0.00|6,773
0156|MPAY|0.120|0.120|0.125|+0.005|+4.17|11,585
6548|MPCORP|0.045|0.000|0.000|0.000|0.00|0
5237|MPHBCAP|1.090|1.070|1.070|-0.020|-1.83|328
3867|MPI|9.950|9.840|9.830|-0.120|-1.21|2,775
5123|MQREIT|1.070|1.080|1.080|+0.010|+0.93|747
0070|MQTECH|0.030|0.000|0.000|0.000|0.00|0
0070WA|MQTECH-WA|0.005|0.005|0.010|+0.005|+100.00|3,600
1651|MRCB|0.810|0.815|0.820|+0.010|+1.23|61,359
165134|MRCB-C34|0.005|0.005|0.005|0.000|0.00|400
165135|MRCB-C35|0.005|0.000|0.000|0.000|0.00|0
165136|MRCB-C36|0.055|0.055|0.055|0.000|0.00|3,400
165137|MRCB-C37|0.085|0.085|0.085|0.000|0.00|2,700
165138|MRCB-C38|0.065|0.065|0.065|0.000|0.00|11,000
165139|MRCB-C39|0.130|0.125|0.130|0.000|0.00|46,500
165140|MRCB-C40|0.180|0.000|0.000|0.000|0.00|0
165141|MRCB-C41|0.140|0.000|0.000|0.000|0.00|0
165142|MRCB-C42|0.060|0.000|0.000|0.000|0.00|0
165143|MRCB-C43|0.090|0.090|0.095|+0.005|+5.56|15,224
1651WB|MRCB-WB|0.225|0.225|0.230|+0.005|+2.22|5,273
5916|MSC|0.915|0.910|0.905|-0.010|-1.09|820
5202|MSM|1.960|1.950|1.950|-0.010|-0.51|30
5011|MSNIAGA|1.590|1.590|1.580|-0.010|-0.63|263
5150|MSPORTS|0.010|0.000|0.000|0.000|0.00|0
5924|MTDACPI|0.160|0.155|0.165|+0.005|+3.13|6,649
0092|MTOUCHE|0.060|0.060|0.060|0.000|0.00|630
0092WB|MTOUCHE-WB|0.010|0.010|0.010|0.000|0.00|507
0092WC|MTOUCHE-WC|0.015|0.000|0.000|0.000|0.00|0
0043|MTRONIC|0.070|0.070|0.075|+0.005|+7.14|173,844
3883|MUDA|1.840|1.840|1.860|+0.020|+1.09|4,227
5085|MUDAJYA|0.325|0.325|0.330|+0.005|+1.54|13,118
9539|MUH|0.520|0.000|0.000|0.000|0.00|0
5703|MUHIBAH|2.900|2.930|2.910|+0.010|+0.34|2,811
3891|MUIIND|0.170|0.170|0.170|0.000|0.00|4,259
3913|MUIPROP|0.170|0.175|0.175|+0.005|+2.94|3,716
3905|MULPHA|2.450|2.450|2.440|-0.010|-0.41|1,957
5087|MYCRON|0.315|0.310|0.310|-0.005|-1.59|1,198
5087WA|MYCRON-WA|0.080|0.080|0.080|0.000|0.00|13
0138|MYEG|1.270|1.300|1.280|+0.010|+0.79|861,733
013844|MYEG-C44|0.145|0.150|0.150|+0.005|+3.45|93,892
013846|MYEG-C46|0.020|0.000|0.000|0.000|0.00|0
013847|MYEG-C47|0.010|0.000|0.000|0.000|0.00|0
013848|MYEG-C48|0.010|0.000|0.000|0.000|0.00|0
013849|MYEG-C49|0.005|0.000|0.000|0.000|0.00|0
013850|MYEG-C50|0.025|0.000|0.000|0.000|0.00|0
013851|MYEG-C51|0.010|0.000|0.000|0.000|0.00|0
013852|MYEG-C52|0.005|0.000|0.000|0.000|0.00|0
013853|MYEG-C53|0.030|0.000|0.000|0.000|0.00|0
013854|MYEG-C54|0.010|0.010|0.010|0.000|0.00|1,060
013855|MYEG-C55|0.110|0.110|0.110|0.000|0.00|178,326
013856|MYEG-C56|0.350|0.360|0.365|+0.015|+4.29|5,040
013857|MYEG-C57|0.185|0.190|0.195|+0.010|+5.41|14,268
013858|MYEG-C58|0.115|0.120|0.120|+0.005|+4.35|102,200
013859|MYEG-C59|0.175|0.180|0.185|+0.010|+5.71|34,547
013860|MYEG-C60|0.200|0.215|0.210|+0.010|+5.00|375
013861|MYEG-C61|0.120|0.130|0.125|+0.005|+4.17|27,274
013862|MYEG-C62|0.160|0.165|0.170|+0.010|+6.25|7,064
013863|MYEG-C63|0.140|0.145|0.145|+0.005|+3.57|56,370
0821EA|MYETFDJ|1.090|0.000|0.000|0.000|0.00|0
0824EA|MYETFID|1.110|0.000|0.000|0.000|0.00|0
03010|MYKRIS|0.300|0.000|0.000|0.000|0.00|0
5275|MYNEWS|1.350|1.350|1.350|0.000|0.00|2,319
0041|MYSCM|0.220|0.245|0.235|+0.015|+6.82|4,901
0108|N2N|0.890|0.885|0.885|-0.005|-0.56|4,194
0108WB|N2N-WB|0.270|0.270|0.260|-0.010|-3.70|390
0206|NADIBHD|0.270|0.270|0.260|-0.010|-3.70|12,936
5073|NAIM|1.200|1.260|1.290|+0.090|+7.50|677,103
9806|NATWIDE|0.290|0.275|0.280|-0.010|-3.45|600
4707|NESTLE|148.500|148.000|148.000|-0.500|-0.34|247
4707CE|NESTLE-CE|0.050|0.000|0.000|0.000|0.00|0
0020|NETX|0.015|0.015|0.015|0.000|0.00|9,387
0020WB|NETX-WB|0.005|0.000|0.000|0.000|0.00|0
0096|NEXGRAM|0.020|0.020|0.020|0.000|0.00|201
0096WA|NEXGRAM-WA|0.005|0.005|0.005|0.000|0.00|4,400
0096WB|NEXGRAM-WB|0.005|0.005|0.005|0.000|0.00|7,900
0096WC|NEXGRAM-WC|0.005|0.000|0.000|0.000|0.00|0
7241|NGGB|0.495|0.490|0.490|-0.005|-1.01|15,790
7241WA|NGGB-WA|0.190|0.185|0.190|0.000|0.00|43,252
7060|NHFATT|2.700|0.000|0.000|0.000|0.00|0
7139|NICE|0.035|0.035|0.040|+0.005|+14.29|8,112
7139WB|NICE-WB|0.010|0.010|0.015|+0.005|+50.00|302,112
7215|NIHSIN|0.310|0.310|0.300|-0.010|-3.23|79,643
0083|NOTION|0.580|0.585|0.585|+0.005|+0.86|14,741
0083WC|NOTION-WC|0.265|0.250|0.260|-0.005|-1.89|425
0201|NOVA|0.495|0.485|0.485|-0.010|-2.02|452
0026|NOVAMSC|0.125|0.120|0.125|0.000|0.00|116,520
5047|NPC|2.000|0.000|0.000|0.000|0.00|0
03006|NPS|0.280|0.000|0.000|0.000|0.00|0
2038|NSOP|3.270|3.280|3.280|+0.010|+0.31|15
5066|NTPM|0.485|0.485|0.485|0.000|0.00|50
5025|NWP|0.065|0.065|0.065|0.000|0.00|4,800
4944|NYLEX|0.655|0.650|0.665|+0.010|+1.53|210
5533|OCB|0.430|0.450|0.450|+0.020|+4.65|275
0172|OCK|0.575|0.580|0.580|+0.005|+0.87|20,240
0172WA|OCK-WA|0.100|0.095|0.100|0.000|0.00|25,990
0049|OCNCASH|0.445|0.445|0.460|+0.015|+3.37|1,370
7071|OCR|0.235|0.240|0.255|+0.020|+8.51|39,545
7071PA|OCR-PA|0.020|0.020|0.025|+0.005|+25.00|19,511
7071WC|OCR-WC|0.030|0.030|0.035|+0.005|+16.67|5,494
7071WD|OCR-WD|0.050|0.055|0.065|+0.015|+30.00|43,323
7107|OFI|0.815|0.820|0.825|+0.010|+1.23|144
5827|OIB|2.030|0.000|0.000|0.000|0.00|0
7140|OKA|0.660|0.670|0.680|+0.020|+3.03|1,864
3018|OLYMPIA|0.110|0.115|0.115|+0.005|+4.55|18,241
9008|OMESTI|0.380|0.380|0.390|+0.010|+2.63|22,684
0035|OPCOM|0.630|0.630|0.655|+0.025|+3.97|13,227
0040|OPENSYS|0.340|0.340|0.335|-0.005|-1.47|5,586
4006|ORIENT|6.800|6.810|6.800|0.000|0.00|3,652
0079|ORION|0.170|0.170|0.180|+0.010|+5.88|247,037
0079WA|ORION-WA|0.070|0.070|0.085|+0.015|+21.43|136,443
5065|ORNA|1.060|1.060|1.050|-0.010|-0.94|630
5053|OSK|0.960|0.965|0.955|-0.005|-0.52|4,891
5053WC|OSK-WC|0.045|0.035|0.045|0.000|0.00|1,667
0053|OSKVI|0.480|0.470|0.470|-0.010|-2.08|120
0153|OVERSEA|0.115|0.000|0.000|0.000|0.00|0
5260|OWG|0.650|0.655|0.650|0.000|0.00|8,776
5260WA|OWG-WA|0.185|0.190|0.190|+0.005|+2.70|5,010
6009|P&O|1.000|1.000|1.000|0.000|0.00|123
7225|PA|0.055|0.055|0.055|0.000|0.00|37,010
7225WB|PA-WB|0.040|0.035|0.040|0.000|0.00|12,215
7052|PADINI|3.580|3.580|3.570|-0.010|-0.28|5,528
7052CV|PADINI-CV|0.005|0.000|0.000|0.000|0.00|0
7052CW|PADINI-CW|0.005|0.000|0.000|0.000|0.00|0
7052CX|PADINI-CX|0.105|0.000|0.000|0.000|0.00|0
7052CY|PADINI-CY|0.070|0.075|0.070|0.000|0.00|4,006
7052CZ|PADINI-CZ|0.125|0.000|0.000|0.000|0.00|0
3719|PANAMY|38.000|38.000|37.980|-0.020|-0.05|316
8419|PANSAR|0.810|0.810|0.800|-0.010|-1.23|10,371
8419WA|PANSAR-WA|0.305|0.295|0.310|+0.005|+1.64|4,971
5125|PANTECH|0.585|0.595|0.595|+0.010|+1.71|66,527
5125WA|PANTECH-WA|0.125|0.135|0.135|+0.010|+8.00|13,046
5125WB|PANTECH-WB|0.135|0.145|0.145|+0.010|+7.41|6,970
5022|PAOS|0.350|0.360|0.360|+0.010|+2.86|15
5022WA|PAOS-WA|0.060|0.000|0.000|0.000|0.00|0
9407|PARAGON|0.295|0.295|0.280|-0.015|-5.08|150
1724|PARAMON|2.140|2.150|2.140|0.000|0.00|611
5657|PARKSON|0.265|0.290|0.285|+0.020|+7.55|112,133
0022|PARLO|0.075|0.075|0.075|0.000|0.00|1,030
6912|PASDEC|0.385|0.400|0.385|0.000|0.00|100
6912WA|PASDEC-WA|0.065|0.065|0.065|0.000|0.00|2,001
0177|PASUKGB|0.055|0.050|0.050|-0.005|-9.09|1,500
5212|PAVREIT|1.720|1.730|1.740|+0.020|+1.16|281
5041|PBA|1.160|1.150|1.150|-0.010|-0.86|365
1295|PBBANK|24.480|24.420|24.440|-0.040|-0.16|28,737
129526|PBBANK-C26|0.050|0.000|0.000|0.000|0.00|0
129527|PBBANK-C27|0.030|0.030|0.030|0.000|0.00|50
129528|PBBANK-C28|0.105|0.000|0.000|0.000|0.00|0
129529|PBBANK-C29|0.160|0.160|0.160|0.000|0.00|100
129530|PBBANK-C30|0.110|0.000|0.000|0.000|0.00|0
129531|PBBANK-C31|0.160|0.000|0.000|0.000|0.00|0
6068|PCCS|0.395|0.405|0.380|-0.015|-3.80|56,352
6068WA|PCCS-WA|0.105|0.095|0.100|-0.005|-4.76|18,559
5183|PCHEM|9.300|9.320|9.250|-0.050|-0.54|61,476
518322|PCHEM-C22|0.030|0.000|0.000|0.000|0.00|0
518323|PCHEM-C23|0.015|0.000|0.000|0.000|0.00|0
518324|PCHEM-C24|0.010|0.015|0.015|+0.005|+50.00|2,120
518325|PCHEM-C25|0.065|0.065|0.065|0.000|0.00|1,790
518326|PCHEM-C26|0.130|0.145|0.125|-0.005|-3.85|6,530
518327|PCHEM-C27|0.160|0.000|0.000|0.000|0.00|0
518328|PCHEM-C28|0.150|0.000|0.000|0.000|0.00|0
518329|PCHEM-C29|0.155|0.000|0.000|0.000|0.00|0
518330|PCHEM-C30|0.185|0.190|0.180|-0.005|-2.70|35,224
518331|PCHEM-C31|0.105|0.115|0.105|0.000|0.00|12
6254|PDZ|0.040|0.040|0.035|-0.005|-12.50|1,649
6254WB|PDZ-WB|0.015|0.010|0.010|-0.005|-33.33|6,400
5622|PEB|0.850|0.860|0.850|0.000|0.00|143
5271|PECCA|1.130|1.140|1.120|-0.010|-0.88|10,809
5231|PELIKAN|0.335|0.335|0.340|+0.005|+1.49|310
5133|PENERGY|1.170|1.190|1.150|-0.020|-1.71|52,572
9997|PENSONI|0.405|0.405|0.405|0.000|0.00|1,064
9997WB|PENSONI-WB|0.115|0.000|0.000|0.000|0.00|0
7160|PENTA|3.410|3.400|3.400|-0.010|-0.29|6,152
7108|PERDANA|0.450|0.480|0.480|+0.030|+6.67|1,833,945
0047|PERISAI|0.005|0.000|0.000|0.000|0.00|0
7080|PERMAJU|0.400|0.400|0.425|+0.025|+6.25|132,017
5436|PERSTIM|4.880|4.850|4.850|-0.030|-0.61|22
8311|PESONA|0.225|0.230|0.230|+0.005|+2.22|21,497
8311WC|PESONA-WC|0.055|0.050|0.050|-0.005|-9.09|7,371
5219|PESTECH|1.130|1.140|1.130|0.000|0.00|2,945
5219CF|PESTECH-CF|0.005|0.000|0.000|0.000|0.00|0
5681|PETDAG|25.300|25.060|25.120|-0.180|-0.71|3,386
5681CW|PETDAG-CW|0.005|0.000|0.000|0.000|0.00|0
5681CX|PETDAG-CX|0.060|0.060|0.065|+0.005|+8.33|205
6033|PETGAS|17.700|17.700|17.680|-0.020|-0.11|8,022
6033CR|PETGAS-CR|0.020|0.010|0.010|-0.010|-50.00|100
6033CS|PETGAS-CS|0.020|0.000|0.000|0.000|0.00|0
3042|PETRONM|6.620|6.620|6.700|+0.080|+1.21|693
3042CS|PETRONM-CS|0.035|0.000|0.000|0.000|0.00|0
3611|PGLOBE|1.100|0.000|0.000|0.000|0.00|0
3611WA|PGLOBE-WA|0.070|0.000|0.000|0.000|0.00|0
7081|PHARMA|2.350|2.340|2.350|0.000|0.00|444
4464|PHB|0.020|0.020|0.020|0.000|0.00|2,242
7201|PICORP|0.130|0.130|0.130|0.000|0.00|741
7095|PIE|1.590|1.590|1.600|+0.010|+0.63|1,176
0006|PINEAPP|0.265|0.265|0.290|+0.025|+9.43|2
1902|PINEPAC|0.330|0.310|0.310|-0.020|-6.06|21
0527C2|PINGAN-C2|0.085|0.000|0.000|0.000|0.00|0
0527C3|PINGAN-C3|0.400|0.410|0.420|+0.020|+5.00|1,789
7163|PJBUMI|0.320|0.000|0.000|0.000|0.00|0
7163WA|PJBUMI-WA|0.050|0.000|0.000|0.000|0.00|0
0171|PLABS|0.280|0.280|0.290|+0.010|+3.57|10,194
7055|PLB|1.130|0.000|0.000|0.000|0.00|0
5075|PLENITU|1.480|1.480|1.520|+0.040|+2.70|1,470
9695|PLS|0.960|0.950|0.950|-0.010|-1.04|3,520
7172|PMBTECH|3.200|3.210|3.190|-0.010|-0.31|980
7172LA|PMBTECH-LA|3.210|0.000|0.000|0.000|0.00|0
7172WA|PMBTECH-WA|1.500|0.000|0.000|0.000|0.00|0
4081|PMCORP|0.140|0.140|0.140|0.000|0.00|200
8869|PMETAL|4.450|4.460|4.520|+0.070|+1.57|18,377
886915|PMETAL-C15|0.055|0.060|0.065|+0.010|+18.18|3,518
886916|PMETAL-C16|0.005|0.000|0.000|0.000|0.00|0
886917|PMETAL-C17|0.010|0.000|0.000|0.000|0.00|0
886918|PMETAL-C18|0.120|0.000|0.000|0.000|0.00|0
886919|PMETAL-C19|0.070|0.000|0.000|0.000|0.00|0
886920|PMETAL-C20|0.030|0.000|0.000|0.000|0.00|0
886921|PMETAL-C21|0.040|0.000|0.000|0.000|0.00|0
886922|PMETAL-C22|0.035|0.000|0.000|0.000|0.00|0
886923|PMETAL-C23|0.180|0.000|0.000|0.000|0.00|0
886924|PMETAL-C24|0.085|0.000|0.000|0.000|0.00|0
886925|PMETAL-C25|0.165|0.000|0.000|0.000|0.00|0
886926|PMETAL-C26|0.130|0.000|0.000|0.000|0.00|0
886927|PMETAL-C27|0.130|0.000|0.000|0.000|0.00|0
8869WC|PMETAL-WC|4.050|4.050|4.080|+0.030|+0.74|743
1287|PMHLDG|0.045|0.045|0.045|0.000|0.00|47,871
6637|PNEPCB|0.540|0.000|0.000|0.000|0.00|0
5080|POHKONG|0.490|0.480|0.480|-0.010|-2.04|50
7088|POHUAT|1.610|1.580|1.590|-0.020|-1.24|1,033
7088WB|POHUAT-WB|0.595|0.600|0.590|-0.005|-0.84|850
8117|POLY|0.445|0.000|0.000|0.000|0.00|0
03007|POLYMER|0.170|0.000|0.000|0.000|0.00|0
4634|POS|1.930|1.930|1.930|0.000|0.00|5,325
463421|POS-C21|0.005|0.000|0.000|0.000|0.00|0
463422|POS-C22|0.005|0.000|0.000|0.000|0.00|0
463423|POS-C23|0.005|0.000|0.000|0.000|0.00|0
463424|POS-C24|0.005|0.000|0.000|0.000|0.00|0
463425|POS-C25|0.005|0.000|0.000|0.000|0.00|0
463426|POS-C26|0.005|0.000|0.000|0.000|0.00|0
463427|POS-C27|0.010|0.010|0.010|0.000|0.00|1,000
463428|POS-C28|0.005|0.000|0.000|0.000|0.00|0
463429|POS-C29|0.040|0.035|0.035|-0.005|-12.50|1,100
463430|POS-C30|0.055|0.000|0.000|0.000|0.00|0
463431|POS-C31|0.090|0.090|0.085|-0.005|-5.56|3,256
463432|POS-C32|0.050|0.045|0.045|-0.005|-10.00|91
463433|POS-C33|0.135|0.000|0.000|0.000|0.00|0
463434|POS-C34|0.105|0.100|0.100|-0.005|-4.76|493
4065|PPB|18.180|18.080|18.140|-0.040|-0.22|12,468
4065CJ|PPB-CJ|0.115|0.000|0.000|0.000|0.00|0
7190|PPG|0.415|0.410|0.410|-0.005|-1.20|210
8273|PPHB|0.585|0.595|0.600|+0.015|+2.56|8,801
5204|PRESBHD|0.570|0.575|0.585|+0.015|+2.63|351,896
9873|PRESTAR|0.705|0.720|0.675|-0.030|-4.26|8,309
7168|PRG|0.745|0.740|0.745|0.000|0.00|5,279
7168WA|PRG-WA|0.355|0.380|0.380|+0.025|+7.04|260
0123|PRIVA|0.070|0.065|0.065|-0.005|-7.14|2,478
8346|PRKCORP|0.420|0.000|0.000|0.000|0.00|0
8966|PRLEXUS|0.620|0.645|0.620|0.000|0.00|168
8966WA|PRLEXUS-WA|0.105|0.105|0.095|-0.010|-9.52|1,310
5070|PRTASCO|0.255|0.255|0.250|-0.005|-1.96|21,053
5070WA|PRTASCO-WA|0.050|0.050|0.060|+0.010|+20.00|8,072
7145|PSIPTEK|0.130|0.135|0.135|+0.005|+3.85|40,269
7145WA|PSIPTEK-WA|0.035|0.035|0.040|+0.005|+14.29|6,263
9598|PTARAS|2.200|2.200|2.180|-0.020|-0.91|240
0038|PTB|0.150|0.000|0.000|0.000|0.00|0
0186|PTRANS|0.240|0.240|0.240|0.000|0.00|143,410
0186WA|PTRANS-WA|0.065|0.065|0.060|-0.005|-7.69|51,104
0007|PUC|0.095|0.095|0.105|+0.010|+10.53|530,628
0007WA|PUC-WA|0.060|0.060|0.070|+0.010|+16.67|30,941
6807|PUNCAK|0.405|0.410|0.410|+0.005|+1.23|10,052
7134|PWF|0.800|0.815|0.845|+0.045|+5.63|190
7134WA|PWF-WA|0.390|0.000|0.000|0.000|0.00|0
7123|PWORTH|0.050|0.050|0.045|-0.005|-10.00|321,106
7237|PWROOT|1.400|1.400|1.380|-0.020|-1.43|2,075
7237WA|PWROOT-WA|0.275|0.265|0.270|-0.005|-1.82|172
0196|QES|0.240|0.240|0.240|0.000|0.00|47,101
7084|QL|6.940|6.820|6.900|-0.040|-0.58|6,047
7084CL|QL-CL|0.050|0.000|0.000|0.000|0.00|0
7084CM|QL-CM|0.065|0.060|0.060|-0.005|-7.69|1,082
7084CN|QL-CN|0.105|0.085|0.085|-0.020|-19.05|5
7084CO|QL-CO|0.135|0.130|0.130|-0.005|-3.70|12,000
7544|QUALITY|0.815|0.000|0.000|0.000|0.00|0
7498|RALCO|0.220|0.000|0.000|0.000|0.00|0
7498WB|RALCO-WB|0.010|0.010|0.010|0.000|0.00|1,578
5272|RANHILL|1.390|1.380|1.360|-0.030|-2.16|2,735
7765|RAPID|5.700|5.650|5.610|-0.090|-1.58|18,493
9296|RCECAP|1.650|1.640|1.640|-0.010|-0.61|2,034
5256|REACH|0.330|0.340|0.345|+0.015|+4.55|419,749
5256WA|REACH-WA|0.060|0.065|0.065|+0.005|+8.33|457,863
03002|REDIDEA|0.280|0.000|0.000|0.000|0.00|0
0032|REDTONE|0.265|0.275|0.305|+0.040|+15.09|52,538
0032LA|REDTONE-LA|0.130|0.110|0.130|0.000|0.00|701
7232|RESINTC|0.290|0.295|0.295|+0.005|+1.72|619
0173|REV|0.205|0.205|0.210|+0.005|+2.44|938
0200|REVENUE|1.190|1.180|1.200|+0.010|+0.84|14,075
0200WA|REVENUE-WA|0.405|0.405|0.420|+0.015|+3.70|18,593
9946|REX|0.410|0.000|0.000|0.000|0.00|0
0106|REXIT|0.600|0.600|0.600|0.000|0.00|220
0037|RGB|0.215|0.215|0.220|+0.005|+2.33|115,613
9954|RGTBHD|0.175|0.175|0.185|+0.010|+5.71|27,272
9954WB|RGTBHD-WB|0.105|0.110|0.120|+0.015|+14.29|5,905
0202|RGTECH|0.240|0.245|0.245|+0.005|+2.08|1,887
1066|RHBBANK|5.790|5.830|5.830|+0.040|+0.69|106,195
106610|RHBBANKC10|0.090|0.000|0.000|0.000|0.00|0
106611|RHBBANKC11|0.065|0.070|0.070|+0.005|+7.69|1,800
106612|RHBBANKC12|0.105|0.115|0.110|+0.005|+4.76|5,453
106613|RHBBANKC13|0.085|0.090|0.095|+0.010|+11.76|10,532
5278|RHONEMA|0.750|0.000|0.000|0.000|0.00|0
9741|ROHAS|0.630|0.610|0.610|-0.020|-3.17|3,013
5113|RSAWIT|0.190|0.190|0.190|0.000|0.00|1,270
5270|RSENA|0.505|0.000|0.000|0.000|0.00|0
7803|RUBEREX|0.455|0.455|0.450|-0.005|-1.10|450
2542|RVIEW|3.030|3.030|3.020|-0.010|-0.33|20
5134|SAB|3.850|0.000|0.000|0.000|0.00|0
8567|SALCON|0.285|0.290|0.295|+0.010|+3.51|78,734
8567WB|SALCON-WB|0.090|0.090|0.095|+0.005|+5.56|143,953
0183|SALUTE|0.370|0.370|0.380|+0.010|+2.70|9,973
9822|SAM|7.820|7.890|7.670|-0.150|-1.92|879
5147|SAMCHEM|0.610|0.610|0.610|0.000|0.00|2,264
9113|SANBUMI|0.330|0.335|0.330|0.000|0.00|2,831
0541C9|SANDS-C9|0.115|0.000|0.000|0.000|0.00|0
0133|SANICHI|0.055|0.055|0.050|-0.005|-9.09|3,561
0133WC|SANICHI-WC|0.005|0.000|0.000|0.000|0.00|0
0133WD|SANICHI-WD|0.005|0.000|0.000|0.000|0.00|0
0133WE|SANICHI-WE|0.015|0.015|0.015|0.000|0.00|78
7811|SAPIND|0.710|0.710|0.750|+0.040|+5.63|50
5218|SAPNRG|0.340|0.345|0.350|+0.010|+2.94|2,225,056
5218PA|SAPNRG-PA|0.365|0.000|0.000|0.000|0.00|0
5218WA|SAPNRG-WA|0.105|0.110|0.115|+0.010|+9.52|921,182
521868|SAPNRGC68|0.005|0.000|0.000|0.000|0.00|0
521869|SAPNRGC69|0.010|0.000|0.000|0.000|0.00|0
521870|SAPNRGC70|0.055|0.000|0.000|0.000|0.00|0
521871|SAPNRGC71|0.005|0.000|0.000|0.000|0.00|0
521872|SAPNRGC72|0.010|0.000|0.000|0.000|0.00|0
521873|SAPNRGC73|0.030|0.035|0.035|+0.005|+16.67|8,660
521874|SAPNRGC74|0.040|0.040|0.040|0.000|0.00|2,000
521875|SAPNRGC75|0.090|0.090|0.090|0.000|0.00|28,560
521876|SAPNRGC76|0.080|0.085|0.090|+0.010|+12.50|63,822
4596|SAPRES|0.650|0.000|0.000|0.000|0.00|0
5252|SASBADI|0.235|0.235|0.235|0.000|0.00|129,099
5157|SAUDEE|0.305|0.000|0.000|0.000|0.00|0
5157WA|SAUDEE-WA|0.120|0.000|0.000|0.000|0.00|0
2569|SBAGAN|2.940|2.940|2.920|-0.020|-0.68|190
5207|SBCCORP|0.500|0.480|0.485|-0.015|-3.00|1,175
5170|SCABLE|0.410|0.420|0.435|+0.025|+6.10|32,267
0109|SCBUILD|0.025|0.025|0.025|0.000|0.00|1,580
0109WB|SCBUILD-WB|0.005|0.000|0.000|0.000|0.00|0
0158|SCC|0.520|0.000|0.000|0.000|0.00|0
7247|SCGM|1.170|1.170|1.170|0.000|0.00|297
7247WA|SCGM-WA|0.090|0.120|0.120|+0.030|+33.33|116
0161|SCH|0.135|0.135|0.140|+0.005|+3.70|4,480
0161WA|SCH-WA|0.040|0.040|0.045|+0.005|+12.50|1,520
9237|SCIB|0.560|0.575|0.685|+0.125|+22.32|14,264
0099|SCICOM|1.160|1.150|1.180|+0.020|+1.72|60
4731|SCIENTX|8.400|8.400|8.380|-0.020|-0.24|4,306
4731CF|SCIENTX-CF|0.060|0.055|0.055|-0.005|-8.33|1,100
7239|SCNWOLF|0.175|0.175|0.175|0.000|0.00|195
7158|SCOMI|0.045|0.045|0.055|+0.010|+22.22|265,879
7158WB|SCOMI-WB|0.010|0.015|0.015|+0.005|+50.00|3,234
7045|SCOMIES|0.060|0.065|0.085|+0.025|+41.67|208,190
0001|SCOMNET|0.755|0.770|0.760|+0.005|+0.66|5,631
0028|SCOPE|0.215|0.220|0.220|+0.005|+2.33|8,765
0028WA|SCOPE-WA|0.070|0.070|0.075|+0.005|+7.14|4,637
2224|SDRED|0.645|0.650|0.645|0.000|0.00|374
7073|SEACERA|0.375|0.375|0.385|+0.010|+2.67|716,107
7073WB|SEACERA-WB|0.005|0.005|0.005|0.000|0.00|2,700
7073WC|SEACERA-WC|0.040|0.040|0.045|+0.005|+12.50|156,132
4286|SEAL|0.335|0.340|0.340|+0.005|+1.49|28
5145|SEALINK|0.145|0.145|0.195|+0.050|+34.48|68,540
5163|SEB|0.380|0.385|0.380|0.000|0.00|280
0178|SEDANIA|0.110|0.110|0.115|+0.005|+4.55|911
7053|SEEHUP|0.910|0.000|0.000|0.000|0.00|0
03009|SEERS|0.100|0.000|0.000|0.000|0.00|0
9792|SEG|0.630|0.625|0.630|0.000|0.00|1,127
5250|SEM|1.450|1.450|1.450|0.000|0.00|2,644
5205|SENDAI|0.570|0.570|0.555|-0.015|-2.63|158,477
5279|SERBADK|3.830|3.820|3.840|+0.010|+0.26|17,082
5279CN|SERBADK-CN|0.010|0.000|0.000|0.000|0.00|0
5279CO|SERBADK-CO|0.020|0.000|0.000|0.000|0.00|0
5279CP|SERBADK-CP|0.090|0.000|0.000|0.000|0.00|0
5279CQ|SERBADK-CQ|0.160|0.000|0.000|0.000|0.00|0
5279CR|SERBADK-CR|0.160|0.000|0.000|0.000|0.00|0
5279CS|SERBADK-CS|0.095|0.095|0.095|0.000|0.00|1,200
7180|SERNKOU|0.545|0.525|0.545|0.000|0.00|770
7180WA|SERNKOU-WA|0.200|0.205|0.220|+0.020|+10.00|49,275
0055|SERSOL|0.095|0.100|0.095|0.000|0.00|3,212
0055WA|SERSOL-WA|0.045|0.045|0.045|0.000|0.00|500
5517|SHANG|5.640|5.750|5.740|+0.100|+1.77|1,000
4316|SHCHAN|0.360|0.370|0.370|+0.010|+2.78|30
7412|SHH|0.495|0.495|0.495|0.000|0.00|120
6017|SHL|2.440|2.450|2.430|-0.010|-0.41|1,172
5181|SIGGAS|0.875|0.880|0.885|+0.010|+1.14|3,020
7246|SIGN|0.440|0.435|0.430|-0.010|-2.27|1,870
7246WA|SIGN-WA|0.080|0.070|0.075|-0.005|-6.25|1,153
4197|SIME|2.160|2.160|2.150|-0.010|-0.46|141,608
419725|SIME-C25|0.005|0.000|0.000|0.000|0.00|0
419727|SIME-C27|0.005|0.000|0.000|0.000|0.00|0
419728|SIME-C28|0.015|0.000|0.000|0.000|0.00|0
419729|SIME-C29|0.040|0.000|0.000|0.000|0.00|0
419730|SIME-C30|0.035|0.000|0.000|0.000|0.00|0
419731|SIME-C31|0.035|0.000|0.000|0.000|0.00|0
419732|SIME-C32|0.080|0.000|0.000|0.000|0.00|0
419733|SIME-C33|0.050|0.000|0.000|0.000|0.00|0
5285|SIMEPLT|5.090|5.050|5.070|-0.020|-0.39|24,360
5285CH|SIMEPLT-CH|0.030|0.000|0.000|0.000|0.00|0
5285CI|SIMEPLT-CI|0.035|0.000|0.000|0.000|0.00|0
5285CJ|SIMEPLT-CJ|0.095|0.000|0.000|0.000|0.00|0
5288|SIMEPROP|1.030|1.030|1.070|+0.040|+3.88|7,731
5288CG|SIMEPROP-CG|0.020|0.000|0.000|0.000|0.00|0
5288CH|SIMEPROP-CH|0.050|0.000|0.000|0.000|0.00|0
5288CI|SIMEPROP-CI|0.005|0.000|0.000|0.000|0.00|0
5288CJ|SIMEPROP-CJ|0.020|0.000|0.000|0.000|0.00|0
5288CK|SIMEPROP-CK|0.035|0.000|0.000|0.000|0.00|0
5288CL|SIMEPROP-CL|0.055|0.000|0.000|0.000|0.00|0
8532|SINOTOP|0.305|0.310|0.310|+0.005|+1.64|723
9431|SJC|0.610|0.600|0.600|-0.010|-1.64|300
7115|SKBSHUT|0.620|0.620|0.650|+0.030|+4.84|50
7155|SKPRES|1.290|1.290|1.300|+0.010|+0.78|40,811
7155CN|SKPRES-CN|0.040|0.000|0.000|0.000|0.00|0
7155CO|SKPRES-CO|0.045|0.045|0.045|0.000|0.00|15,990
7155CP|SKPRES-CP|0.050|0.050|0.050|0.000|0.00|5,000
7155CQ|SKPRES-CQ|0.105|0.105|0.105|0.000|0.00|2,000
03008|SLIC|0.420|0.000|0.000|0.000|0.00|0
7248|SLP|1.240|1.230|1.220|-0.020|-1.61|775
9776|SMCAP|0.200|0.200|0.210|+0.010|+5.00|74,246
9776WC|SMCAP-WC|0.100|0.095|0.110|+0.010|+10.00|25,489
0203|SMETRIC|0.530|0.530|0.545|+0.015|+2.83|38,090
4375|SMI|0.180|0.175|0.175|-0.005|-2.78|1,653
7132|SMISCOR|0.460|0.480|0.480|+0.020|+4.35|1
0117|SMRT|0.120|0.120|0.120|0.000|0.00|1,070
0169|SMTRACK|0.070|0.070|0.070|0.000|0.00|358
7943|SNC|0.235|0.235|0.250|+0.015|+6.38|140
5213|SNTORIA|0.440|0.395|0.410|-0.030|-6.82|1,110
5213WA|SNTORIA-WA|0.005|0.000|0.000|0.000|0.00|0
5213WB|SNTORIA-WB|0.055|0.000|0.000|0.000|0.00|0
5242|SOLID|0.290|0.295|0.295|+0.005|+1.72|150
5242WA|SOLID-WA|0.080|0.000|0.000|0.000|0.00|0
0093|SOLUTN|0.090|0.090|0.095|+0.005|+5.56|2,610
0093WA|SOLUTN-WA|0.030|0.000|0.000|0.000|0.00|0
5126|SOP|2.550|2.550|2.540|-0.010|-0.39|106
0656CF|SP500-CF|0.010|0.000|0.000|0.000|0.00|0
0656CG|SP500-CG|0.785|0.000|0.000|0.000|0.00|0
0656CH|SP500-CH|1.440|0.000|0.000|0.000|0.00|0
0656CI|SP500-CI|0.755|0.000|0.000|0.000|0.00|0
0656HF|SP500-HF|0.005|0.000|0.000|0.000|0.00|0
0656HG|SP500-HG|0.220|0.205|0.200|-0.020|-9.09|4,552
0656HH|SP500-HH|0.325|0.305|0.305|-0.020|-6.15|487
0656HI|SP500-HI|1.010|0.000|0.000|0.000|0.00|0
1783|SPB|6.220|6.220|6.220|0.000|0.00|274
7103|SPRITZER|2.190|0.000|0.000|0.000|0.00|0
8664|SPSETIA|2.230|2.230|2.220|-0.010|-0.45|15,557
866410|SPSETIA-C10|0.010|0.000|0.000|0.000|0.00|0
866411|SPSETIA-C11|0.070|0.000|0.000|0.000|0.00|0
866412|SPSETIA-C12|0.105|0.000|0.000|0.000|0.00|0
866413|SPSETIA-C13|0.085|0.000|0.000|0.000|0.00|0
866414|SPSETIA-C14|0.125|0.000|0.000|0.000|0.00|0
866415|SPSETIA-C15|0.150|0.000|0.000|0.000|0.00|0
866416|SPSETIA-C16|0.080|0.000|0.000|0.000|0.00|0
8664C9|SPSETIA-C9|0.005|0.000|0.000|0.000|0.00|0
8664PA|SPSETIA-PA|0.900|0.000|0.000|0.000|0.00|0
8664PB|SPSETIA-PB|0.760|0.780|0.780|+0.020|+2.63|100
0129|SRIDGE|0.220|0.220|0.225|+0.005|+2.27|3,591
0129WA|SRIDGE-WA|0.060|0.060|0.065|+0.005|+8.33|2,787
5665|SSTEEL|0.840|0.835|0.825|-0.015|-1.79|1,409
5665LB|SSTEEL-LB|0.760|0.000|0.000|0.000|0.00|0
6084|STAR|0.780|0.785|0.790|+0.010|+1.28|375
0140|STERPRO|0.180|0.180|0.180|0.000|0.00|1,103
0140WA|STERPRO-WA|0.040|0.000|0.000|0.000|0.00|0
7143|STONE|0.135|0.120|0.115|-0.020|-14.81|1,030
7143WA|STONE-WA|0.010|0.015|0.015|+0.005|+50.00|1
0080|STRAITS|0.245|0.250|0.250|+0.005|+2.04|88,289
0080WA|STRAITS-WA|0.135|0.140|0.140|+0.005|+3.70|69,271
6904|SUBUR|0.530|0.540|0.540|+0.010|+1.89|680
7207|SUCCESS|0.740|0.740|0.730|-0.010|-1.35|3,430
9865|SUIWAH|2.670|2.680|2.680|+0.010|+0.37|170
1201|SUMATEC|0.010|0.010|0.010|0.000|0.00|57,020
1201WA|SUMATEC-WA|0.005|0.005|0.005|0.000|0.00|100
5263|SUNCON|1.840|1.820|1.840|0.000|0.00|8,913
5263CT|SUNCON-CT|0.005|0.000|0.000|0.000|0.00|0
5263CU|SUNCON-CU|0.055|0.000|0.000|0.000|0.00|0
5263CV|SUNCON-CV|0.030|0.000|0.000|0.000|0.00|0
5176|SUNREIT|1.770|1.770|1.750|-0.020|-1.13|4,917
3743|SUNSURIA|0.630|0.630|0.630|0.000|0.00|3,380
3743WA|SUNSURIA-WA|0.045|0.040|0.045|0.000|0.00|1,363
5211|SUNWAY|1.650|1.650|1.680|+0.030|+1.82|10,367
5211CR|SUNWAY-CR|0.035|0.000|0.000|0.000|0.00|0
5211CS|SUNWAY-CS|0.010|0.000|0.000|0.000|0.00|0
5211WB|SUNWAY-WB|0.280|0.280|0.280|0.000|0.00|22,389
0148|SUNZEN|0.165|0.160|0.160|-0.005|-3.03|600
0148WA|SUNZEN-WA|0.040|0.045|0.040|0.000|0.00|6,055
0148WB|SUNZEN-WB|0.055|0.000|0.000|0.000|0.00|0
7235|SUPERLN|1.360|1.340|1.350|-0.010|-0.74|867
7106|SUPERMX|1.460|1.460|1.460|0.000|0.00|32,182
710648|SUPERMX-C48|0.005|0.000|0.000|0.000|0.00|0
710650|SUPERMX-C50|0.005|0.000|0.000|0.000|0.00|0
710651|SUPERMX-C51|0.005|0.000|0.000|0.000|0.00|0
710652|SUPERMX-C52|0.010|0.000|0.000|0.000|0.00|0
710653|SUPERMX-C53|0.005|0.000|0.000|0.000|0.00|0
710654|SUPERMX-C54|0.095|0.000|0.000|0.000|0.00|0
710655|SUPERMX-C55|0.040|0.035|0.035|-0.005|-12.50|2,500
710656|SUPERMX-C56|0.090|0.090|0.090|0.000|0.00|4,180
710657|SUPERMX-C57|0.075|0.075|0.075|0.000|0.00|200
710658|SUPERMX-C58|0.050|0.050|0.050|0.000|0.00|201
710659|SUPERMX-C59|0.070|0.075|0.075|+0.005|+7.14|102
710660|SUPERMX-C60|0.035|0.000|0.000|0.000|0.00|0
710661|SUPERMX-C61|0.045|0.000|0.000|0.000|0.00|0
710662|SUPERMX-C62|0.065|0.065|0.065|0.000|0.00|43,230
710663|SUPERMX-C63|0.060|0.000|0.000|0.000|0.00|0
710664|SUPERMX-C64|0.085|0.080|0.080|-0.005|-5.88|200
710665|SUPERMX-C65|0.095|0.000|0.000|0.000|0.00|0
710666|SUPERMX-C66|0.080|0.080|0.080|0.000|0.00|6,450
03018|SUPREME|0.680|0.000|0.000|0.000|0.00|0
6521|SURIA|1.400|1.390|1.390|-0.010|-0.71|502
5135|SWKPLNT|1.530|1.520|1.500|-0.030|-1.96|1,100
7186|SWSCAP|0.680|0.640|0.655|-0.025|-3.68|1,221
7186WB|SWSCAP-WB|0.070|0.000|0.000|0.000|0.00|0
9717|SYCAL|0.235|0.230|0.235|0.000|0.00|350
7082|SYF|0.220|0.225|0.230|+0.010|+4.55|3,610
7082WB|SYF-WB|0.010|0.010|0.010|0.000|0.00|200
1538|SYMLIFE|0.425|0.430|0.415|-0.010|-2.35|7,820
1538WB|SYMLIFE-WB|0.040|0.040|0.035|-0.005|-12.50|11,050
5173|SYSCORP|0.320|0.330|0.335|+0.015|+4.69|12,449
0050|SYSTECH|0.220|0.225|0.225|+0.005|+2.27|2,969
7228|T7GLOBAL|0.545|0.550|0.540|-0.005|-0.92|86,519
4898|TA|0.620|0.625|0.620|0.000|0.00|1,856
5012|TAANN|2.400|2.400|2.350|-0.050|-2.08|2,007
5012CM|TAANN-CM|0.080|0.000|0.000|0.000|0.00|0
4022|TADMAX|0.230|0.225|0.230|0.000|0.00|7,010
7211|TAFI|0.340|0.000|0.000|0.000|0.00|0
5158|TAGB|0.250|0.245|0.245|-0.005|-2.00|2,232
6139|TAKAFUL|4.390|4.370|4.390|0.000|0.00|29,709
6139CC|TAKAFUL-CC|0.070|0.060|0.055|-0.015|-21.43|5,493
6139CD|TAKAFUL-CD|0.125|0.125|0.120|-0.005|-4.00|18,000
2259|TALAMT|0.040|0.035|0.035|-0.005|-12.50|3,030
8524|TALIWRK|0.850|0.860|0.875|+0.025|+2.94|20,851
8524CE|TALIWRK-CE|0.125|0.135|0.135|+0.010|+8.00|9,600
5191|TAMBUN|0.765|0.765|0.780|+0.015|+1.96|5,736
2429|TANCO|0.055|0.055|0.050|-0.005|-9.09|600
2429WB|TANCO-WB|0.020|0.020|0.020|0.000|0.00|150
5149|TAS|0.340|0.350|0.330|-0.010|-2.94|32,490
5140|TASCO|1.480|1.500|1.500|+0.020|+1.35|1,127
4448|TASEK|4.840|4.950|4.800|-0.040|-0.83|40
4448P|TASEK-PA|10.100|0.000|0.000|0.000|0.00|0
7097|TAWIN|0.540|0.540|0.530|-0.010|-1.85|8,520
4405|TCHONG|1.620|1.620|1.630|+0.010|+0.62|1,177
0132|TDEX|0.075|0.075|0.075|0.000|0.00|1,449
2054|TDM|0.180|0.180|0.180|0.000|0.00|26,087
0084|TECFAST|0.320|0.320|0.325|+0.005|+1.56|8,074
7439|TECGUAN|1.100|1.060|1.100|0.000|0.00|655
5289|TECHBND|0.755|0.755|0.765|+0.010|+1.32|3,700
7200|TEKSENG|0.240|0.240|0.245|+0.005|+2.08|650
7200WA|TEKSENG-WA|0.050|0.045|0.050|0.000|0.00|739
5347|TENAGA|12.700|12.700|12.640|-0.060|-0.47|21,893
534747|TENAGA-C47|0.050|0.000|0.000|0.000|0.00|0
534749|TENAGA-C49|0.005|0.000|0.000|0.000|0.00|0
534750|TENAGA-C50|0.040|0.040|0.040|0.000|0.00|400
534751|TENAGA-C51|0.030|0.030|0.030|0.000|0.00|4,630
534752|TENAGA-C52|0.040|0.000|0.000|0.000|0.00|0
534753|TENAGA-C53|0.050|0.050|0.050|0.000|0.00|5,000
534754|TENAGA-C54|0.105|0.105|0.105|0.000|0.00|288
0546C7|TENCENT-C7|0.190|0.185|0.190|0.000|0.00|8,973
7252|TEOSENG|1.200|1.210|1.290|+0.090|+7.50|18,804
7252WA|TEOSENG-WA|0.235|0.245|0.260|+0.025|+10.64|2,029
8702|TEXCHEM|0.665|0.670|0.670|+0.005|+0.75|61
0089|TEXCYCL|0.535|0.535|0.530|-0.005|-0.93|643
0145|TFP|0.095|0.000|0.000|0.000|0.00|0
9369|TGL|1.000|0.000|0.000|0.000|0.00|0
7034|TGUAN|2.640|2.610|2.610|-0.030|-1.14|1,712
7034LA|TGUAN-LA|2.550|2.600|2.600|+0.050|+1.96|100
7034WA|TGUAN-WA|1.070|1.080|1.080|+0.010|+0.93|370
9075|THETA|0.445|0.430|0.440|-0.005|-1.12|942
7206|THHEAVY|0.060|0.060|0.070|+0.010|+16.67|206,044
7206PB|THHEAVY-PB|0.015|0.065|0.075|+0.060|+400.00|354
5112|THPLANT|0.500|0.525|0.500|0.000|0.00|278
7889|THRIVEN|0.215|0.215|0.220|+0.005|+2.33|3,127
7889WB|THRIVEN-WB|0.060|0.060|0.065|+0.005|+8.33|357
7374|TIENWAH|1.340|0.000|0.000|0.000|0.00|0
7079|TIGER|0.080|0.075|0.080|0.000|0.00|23,125
7079WC|TIGER-WC|0.020|0.015|0.020|0.000|0.00|4,400
5031|TIMECOM|8.700|8.700|8.700|0.000|0.00|4,290
7854|TIMWELL|0.640|0.000|0.000|0.000|0.00|0
5239|TITIJYA|0.315|0.315|0.320|+0.005|+1.59|7,137
5239PA|TITIJYA-PA|0.035|0.035|0.035|0.000|0.00|24,607
4863|TM|3.230|3.250|3.230|0.000|0.00|10,026
486327|TM-C27|0.005|0.000|0.000|0.000|0.00|0
486328|TM-C28|0.005|0.000|0.000|0.000|0.00|0
486329|TM-C29|0.005|0.000|0.000|0.000|0.00|0
486330|TM-C30|0.045|0.000|0.000|0.000|0.00|0
486331|TM-C31|0.050|0.000|0.000|0.000|0.00|0
486332|TM-C32|0.015|0.000|0.000|0.000|0.00|0
486333|TM-C33|0.065|0.000|0.000|0.000|0.00|0
486334|TM-C34|0.110|0.000|0.000|0.000|0.00|0
486335|TM-C35|0.125|0.125|0.125|0.000|0.00|4,004
486336|TM-C36|0.245|0.000|0.000|0.000|0.00|0
486337|TM-C37|0.390|0.385|0.385|-0.005|-1.28|4
486338|TM-C38|0.205|0.000|0.000|0.000|0.00|0
486339|TM-C39|0.255|0.255|0.255|0.000|0.00|400
486340|TM-C40|0.165|0.160|0.165|0.000|0.00|6,000
0101|TMCLIFE|0.745|0.735|0.735|-0.010|-1.34|2,660
0101WB|TMCLIFE-WB|0.025|0.020|0.020|-0.005|-20.00|7,263
8397|TNLOGIS|0.610|0.605|0.630|+0.020|+3.28|1,652
7218|TOCEAN|0.745|0.000|0.000|0.000|0.00|0
7230|TOMEI|0.550|0.000|0.000|0.000|0.00|0
7285|TOMYPAK|0.485|0.490|0.480|-0.005|-1.03|7,625
7285WA|TOMYPAK-WA|0.160|0.155|0.160|0.000|0.00|1,750
5010|TONGHER|3.560|3.580|3.530|-0.030|-0.84|114
7113|TOPGLOV|4.320|4.320|4.400|+0.080|+1.85|99,710
711333|TOPGLOV-C33|0.005|0.000|0.000|0.000|0.00|0
711340|TOPGLOV-C40|0.005|0.000|0.000|0.000|0.00|0
711341|TOPGLOV-C41|0.005|0.005|0.005|0.000|0.00|502
711342|TOPGLOV-C42|0.020|0.020|0.020|0.000|0.00|9,500
711343|TOPGLOV-C43|0.025|0.025|0.030|+0.005|+20.00|1,000
711344|TOPGLOV-C44|0.025|0.020|0.025|0.000|0.00|23,170
711345|TOPGLOV-C45|0.075|0.090|0.080|+0.005|+6.67|30,128
711346|TOPGLOV-C46|0.070|0.065|0.070|0.000|0.00|49,392
711347|TOPGLOV-C47|0.080|0.085|0.085|+0.005|+6.25|250
711348|TOPGLOV-C48|0.060|0.060|0.060|0.000|0.00|8,904
711349|TOPGLOV-C49|0.125|0.130|0.125|0.000|0.00|8,800
711350|TOPGLOV-C50|0.090|0.090|0.090|0.000|0.00|800
03013|TOPVISN|0.400|0.000|0.000|0.000|0.00|0
7173|TOYOINK|0.670|0.630|0.630|-0.040|-5.97|218
7173WB|TOYOINK-WB|0.095|0.090|0.090|-0.005|-5.26|1,612
7176|TPC|0.410|0.425|0.440|+0.030|+7.32|103
7176WA|TPC-WA|0.220|0.220|0.230|+0.010|+4.55|1,452
5054|TRC|0.645|0.635|0.665|+0.020|+3.10|168,351
0199|TRIMODE|0.420|0.410|0.430|+0.010|+2.38|1,419
0118|TRIVE|0.020|0.020|0.015|-0.005|-25.00|11,515
0118WB|TRIVE-WB|0.005|0.000|0.000|0.000|0.00|0
5401|TROP|0.885|0.880|0.880|-0.005|-0.56|570
5401WA|TROP-WA|0.030|0.025|0.030|0.000|0.00|1,592
9059|TSH|1.110|1.100|1.090|-0.020|-1.80|477
5042|TSRCAP|0.400|0.000|0.000|0.000|0.00|0
5042WB|TSRCAP-WB|0.045|0.000|0.000|0.000|0.00|0
5230|TUNEPRO|0.695|0.700|0.690|-0.005|-0.72|12,952
5167|TURBO|0.765|0.770|0.790|+0.025|+3.27|7,896
4359|TURIYA|0.170|0.000|0.000|0.000|0.00|0
5111|TWRREIT|0.895|0.895|0.900|+0.005|+0.56|110
7100|UCHITEC|2.680|2.690|2.660|-0.020|-0.75|2,262
7100CD|UCHITEC-CD|0.005|0.000|0.000|0.000|0.00|0
7100CE|UCHITEC-CE|0.025|0.000|0.000|0.000|0.00|0
7100CF|UCHITEC-CF|0.100|0.000|0.000|0.000|0.00|0
0005|UCREST|0.255|0.255|0.280|+0.025|+9.80|283,021
5148|UEMS|0.830|0.820|0.835|+0.005|+0.60|4,482
514864|UEMS-C64|0.040|0.000|0.000|0.000|0.00|0
514865|UEMS-C65|0.075|0.000|0.000|0.000|0.00|0
514866|UEMS-C66|0.060|0.000|0.000|0.000|0.00|0
7133|ULICORP|0.425|0.425|0.420|-0.005|-1.18|12,392
2593|UMCCA|5.500|5.480|5.470|-0.030|-0.55|300
7137|UMS|2.380|2.260|2.340|-0.040|-1.68|51
7227|UMSNGB|1.000|0.000|0.000|0.000|0.00|0
4588|UMW|5.670|5.670|5.790|+0.120|+2.12|13,019
458810|UMW-C10|0.005|0.000|0.000|0.000|0.00|0
458811|UMW-C11|0.035|0.040|0.035|0.000|0.00|4
458812|UMW-C12|0.210|0.000|0.000|0.000|0.00|0
458813|UMW-C13|0.200|0.205|0.205|+0.005|+2.50|1,048
458814|UMW-C14|0.195|0.000|0.000|0.000|0.00|0
458815|UMW-C15|0.200|0.205|0.205|+0.005|+2.50|444
458816|UMW-C16|0.110|0.115|0.115|+0.005|+4.55|1,600
458817|UMW-C17|0.110|0.115|0.115|+0.005|+4.55|2,100
4588C9|UMW-C9|0.025|0.000|0.000|0.000|0.00|0
7091|UNIMECH|1.150|1.140|1.130|-0.020|-1.74|2,138
5005|UNISEM|2.730|2.730|2.700|-0.030|-1.10|358
500511|UNISEM-C11|0.220|0.000|0.000|0.000|0.00|0
500512|UNISEM-C12|0.015|0.000|0.000|0.000|0.00|0
500513|UNISEM-C13|0.065|0.000|0.000|0.000|0.00|0
500514|UNISEM-C14|0.045|0.000|0.000|0.000|0.00|0
500515|UNISEM-C15|0.060|0.000|0.000|0.000|0.00|0
03017|UNIWALL|0.300|0.320|0.320|+0.020|+6.67|100
5200|UOADEV|2.190|2.190|2.190|0.000|0.00|63
5110|UOAREIT|1.370|1.370|1.370|0.000|0.00|224
7757|UPA|2.190|0.000|0.000|0.000|0.00|0
2089|UTDPLT|27.020|27.120|27.200|+0.180|+0.67|27
5754|UTUSAN|0.155|0.180|0.180|+0.025|+16.13|101
7250|UZMA|1.050|1.070|1.050|0.000|0.00|30,498
0060|VC|0.135|0.140|0.160|+0.025|+18.52|23,915
5243|VELESTO|0.305|0.310|0.310|+0.005|+1.64|1,008,763
524324|VELESTO-C24|0.215|0.000|0.000|0.000|0.00|0
524325|VELESTO-C25|0.025|0.000|0.000|0.000|0.00|0
524326|VELESTO-C26|0.105|0.125|0.115|+0.010|+9.52|1,150
524327|VELESTO-C27|0.115|0.115|0.115|0.000|0.00|6,432
5243WA|VELESTO-WA|0.115|0.120|0.115|0.000|0.00|93,319
4995|VERSATL|0.415|0.400|0.395|-0.020|-4.82|4,139
7240|VERTICE|0.865|0.835|0.870|+0.005|+0.58|757
7240WA|VERTICE-WA|0.460|0.485|0.485|+0.025|+5.43|1
0120|VIS|0.510|0.510|0.520|+0.010|+1.96|13,721
0120WB|VIS-WB|0.185|0.190|0.190|+0.005|+2.70|689
0097|VITROX|7.130|7.110|7.110|-0.020|-0.28|2,587
0097CL|VITROX-CL|0.045|0.020|0.020|-0.025|-55.56|1
0097CM|VITROX-CM|0.060|0.000|0.000|0.000|0.00|0
0069|VIVOCOM|0.020|0.020|0.020|0.000|0.00|24,965
0069WC|VIVOCOM-WC|0.005|0.000|0.000|0.000|0.00|0
0069WD|VIVOCOM-WD|0.005|0.000|0.000|0.000|0.00|0
0069WE|VIVOCOM-WE|0.010|0.005|0.005|-0.005|-50.00|2,825
7070|VIZIONE|0.965|0.970|0.975|+0.010|+1.04|12,249
7070LA|VIZIONE-LA|0.070|0.070|0.070|0.000|0.00|200
7070WC|VIZIONE-WC|0.370|0.000|0.000|0.000|0.00|0
6963|VS|1.000|1.000|0.995|-0.005|-0.50|152,626
696310|VS-C10|0.100|0.095|0.100|0.000|0.00|300
696311|VS-C11|0.205|0.000|0.000|0.000|0.00|0
696312|VS-C12|0.085|0.080|0.080|-0.005|-5.88|2,000
696313|VS-C13|0.105|0.000|0.000|0.000|0.00|0
6963C5|VS-C5|0.005|0.000|0.000|0.000|0.00|0
6963C6|VS-C6|0.005|0.000|0.000|0.000|0.00|0
6963C7|VS-C7|0.005|0.000|0.000|0.000|0.00|0
6963C8|VS-C8|0.175|0.170|0.170|-0.005|-2.86|200
6963C9|VS-C9|0.135|0.135|0.135|0.000|0.00|33,100
0066|VSOLAR|0.205|0.200|0.195|-0.010|-4.88|105,129
5162|VSTECS|0.990|0.990|0.980|-0.010|-1.01|307
7203|WANGZNG|1.120|1.100|1.110|-0.010|-0.89|36
5016|WARISAN|2.100|0.000|0.000|0.000|0.00|0
5142|WASEONG|0.785|0.785|0.800|+0.015|+1.91|12,618
7226|WATTA|0.835|0.835|0.950|+0.115|+13.77|730
3565|WCEHB|0.570|0.570|0.565|-0.005|-0.88|2,241
9679|WCT|0.840|0.840|0.820|-0.020|-2.38|22,327
967914|WCT-C14|0.010|0.000|0.000|0.000|0.00|0
967915|WCT-C15|0.015|0.000|0.000|0.000|0.00|0
967916|WCT-C16|0.040|0.045|0.045|+0.005|+12.50|1,000
9679WE|WCT-WE|0.075|0.075|0.075|0.000|0.00|10,447
0197|WEGMANS|0.320|0.315|0.315|-0.005|-1.56|5,360
0197WA|WEGMANS-WA|0.135|0.140|0.135|0.000|0.00|2,029
7231|WELLCAL|1.290|1.260|1.280|-0.010|-0.78|170
0162|WIDAD|0.320|0.315|0.310|-0.010|-3.13|79,268
0162WA|WIDAD-WA|0.120|0.115|0.115|-0.005|-4.17|18,189
7692|WIDETEC|0.560|0.560|0.560|0.000|0.00|100
0008|WILLOW|0.450|0.450|0.460|+0.010|+2.22|2,495
0141|WINTONI|0.035|0.000|0.000|0.000|0.00|0
6378|WMG|0.125|0.120|0.120|-0.005|-4.00|700
7050|WONG|0.580|0.580|0.600|+0.020|+3.45|466
7025|WOODLAN|0.730|0.000|0.000|0.000|0.00|0
5246|WPRTS|3.770|3.820|3.830|+0.060|+1.59|2,432
5246CX|WPRTS-CX|0.050|0.000|0.000|0.000|0.00|0
5246CY|WPRTS-CY|0.140|0.140|0.135|-0.005|-3.57|8
5009|WTHORSE|1.240|1.210|1.210|-0.030|-2.42|150
4243|WTK|0.630|0.630|0.690|+0.060|+9.52|96,136
7245|WZSATU|0.320|0.320|0.320|0.000|0.00|7,355
7245WA|WZSATU-WA|0.120|0.120|0.120|0.000|0.00|2,841
5156|XDL|0.095|0.095|0.100|+0.005|+5.26|204,284
5156WD|XDL-WD|0.020|0.015|0.020|0.000|0.00|16,124
7121|XIANLNG|0.435|0.440|0.435|0.000|0.00|810
0581C1|XIAOMI-C1|0.020|0.000|0.000|0.000|0.00|0
0581C2|XIAOMI-C2|0.180|0.160|0.160|-0.020|-11.11|1,000
0095|XINGHE|0.035|0.035|0.035|0.000|0.00|217,235
0095WA|XINGHE-WA|0.005|0.000|0.000|0.000|0.00|0
5267|XINHWA|0.865|0.865|0.865|0.000|0.00|9,926
5155|XINQUAN|0.055|0.000|0.000|0.000|0.00|0
5155WA|XINQUAN-WA|0.005|0.000|0.000|0.000|0.00|0
5155WB|XINQUAN-WB|0.015|0.000|0.000|0.000|0.00|0
0165|XOX|0.050|0.050|0.050|0.000|0.00|16,332
7003|Y&G|0.910|0.000|0.000|0.000|0.00|0
7003WA|Y&G-WA|0.100|0.000|0.000|0.000|0.00|0
0025|YBS|0.140|0.140|0.145|+0.005|+3.57|1,370
5584|YEELEE|1.910|1.890|1.900|-0.010|-0.52|120
7122|YFG|0.005|0.000|0.000|0.000|0.00|0
0086|YGL|0.115|0.115|0.115|0.000|0.00|2,070
5048|YILAI|0.625|0.615|0.625|0.000|0.00|54
7293|YINSON|4.480|4.480|4.510|+0.030|+0.67|9,862
7293CT|YINSON-CT|0.030|0.030|0.030|0.000|0.00|1,000
7293CU|YINSON-CU|0.075|0.000|0.000|0.000|0.00|0
7293CV|YINSON-CV|0.055|0.000|0.000|0.000|0.00|0
7293CW|YINSON-CW|0.150|0.105|0.105|-0.045|-30.00|600
7020|YKGI|0.110|0.110|0.135|+0.025|+22.73|56,531
7020WB|YKGI-WB|0.020|0.020|0.025|+0.005|+25.00|11,885
7014|YLI|0.280|0.285|0.300|+0.020|+7.14|1,223
3158|YNHPROP|1.190|1.180|1.210|+0.020|+1.68|13,414
5159|YOCB|1.160|1.180|1.210|+0.050|+4.31|2,782
7066|YONGTAI|0.350|0.350|0.365|+0.015|+4.29|248,823
7066PA|YONGTAI-PA|0.195|0.195|0.200|+0.005|+2.56|17,326
7066WA|YONGTAI-WA|0.100|0.100|0.105|+0.005|+5.00|14,657
7178|YSPSAH|2.870|2.840|2.840|-0.030|-1.05|74
4677|YTL|1.050|1.060|1.060|+0.010|+0.95|9,862
467722|YTL-C22|0.050|0.000|0.000|0.000|0.00|0
467723|YTL-C23|0.055|0.000|0.000|0.000|0.00|0
467724|YTL-C24|0.150|0.000|0.000|0.000|0.00|0
2577|YTLLAND|0.390|0.390|0.395|+0.005|+1.28|5,327
2577LA|YTLLAND-LA|0.365|0.355|0.355|-0.010|-2.74|20
6742|YTLPOWR|0.865|0.865|0.865|0.000|0.00|2,837
6742C5|YTLPOWR-C5|0.005|0.000|0.000|0.000|0.00|0
6742C6|YTLPOWR-C6|0.055|0.000|0.000|0.000|0.00|0
6742C7|YTLPOWR-C7|0.150|0.000|0.000|0.000|0.00|0
5109|YTLREIT|1.260|1.270|1.260|0.000|0.00|1,311
7028|ZECON|0.265|0.295|0.320|+0.055|+20.75|203,271
2283|ZELAN|0.100|0.100|0.100|0.000|0.00|750,119
5131|ZHULIAN|1.360|1.350|1.360|0.000|0.00|560
0012|3A|0.850|0.845|0.855|+0.005|+0.59|114
