070322|A50CHIN-C22|0.140|0.140|0.135|-0.005|-3.57|15,830
070324|A50CHIN-C24|0.685|0.670|0.670|-0.015|-2.19|100
070326|A50CHIN-C26|0.430|0.000|0.000|0.000|0.00|0
070328|A50CHIN-C28|0.220|0.225|0.220|0.000|0.00|19,308
070330|A50CHIN-C30|0.290|0.285|0.280|-0.010|-3.45|112,878
070332|A50CHIN-C32|0.690|0.650|0.650|-0.040|-5.80|1
070334|A50CHIN-C34|0.880|0.000|0.000|0.000|0.00|0
070336|A50CHIN-C36|0.495|0.500|0.490|-0.005|-1.01|5,363
070321|A50CHIN-H21|0.050|0.000|0.000|0.000|0.00|0
070323|A50CHIN-H23|0.005|0.000|0.000|0.000|0.00|0
070325|A50CHIN-H25|0.035|0.000|0.000|0.000|0.00|0
070327|A50CHIN-H27|0.100|0.090|0.090|-0.010|-10.00|7,863
7054|AASIA|0.145|0.000|0.000|0.000|0.00|0
5238|AAX|0.250|0.250|0.265|+0.015|+6.00|457,437
523820|AAX-C20|0.005|0.000|0.000|0.000|0.00|0
523821|AAX-C21|0.005|0.000|0.000|0.000|0.00|0
5238WA|AAX-WA|0.055|0.055|0.055|0.000|0.00|89,110
0800EA|ABFMY1|1.170|1.172|1.172|+0.002|+0.17|398
7086|ABLEGRP|0.075|0.000|0.000|0.000|0.00|0
2488|ABMB|4.140|4.150|4.160|+0.020|+0.48|24,800
2488CY|ABMB-CY|0.100|0.000|0.000|0.000|0.00|0
7131|ACME|0.250|0.000|0.000|0.000|0.00|0
7120|ACOSTEC|0.445|0.450|0.435|-0.010|-2.25|19,249
5281|ADVCON|0.390|0.390|0.430|+0.040|+10.26|81,281
7191|ADVENTA|0.355|0.000|0.000|0.000|0.00|0
9148|ADVPKG|1.900|1.900|1.800|-0.100|-5.26|185
7146|AEM|0.115|0.110|0.110|-0.005|-4.35|1,500
7146WA|AEM-WA|0.005|0.000|0.000|0.000|0.00|0
0181|AEMULUS|0.245|0.240|0.245|0.000|0.00|12,054
6599|AEON|1.580|1.570|1.560|-0.020|-1.27|1,360
6599CO|AEON-CO|0.045|0.045|0.045|0.000|0.00|3,521
6599CP|AEON-CP|0.050|0.000|0.000|0.000|0.00|0
6599CQ|AEON-CQ|0.030|0.000|0.000|0.000|0.00|0
5139|AEONCR|16.980|17.240|16.980|0.000|0.00|3,261
5139LA|AEONCR-LA|1.550|1.550|1.550|0.000|0.00|100
5185|AFFIN|2.250|2.260|2.250|0.000|0.00|1,070
5198|AFUJIYA|0.525|0.000|0.000|0.000|0.00|0
7315|AHB|0.135|0.130|0.130|-0.005|-3.70|2,051
7315WB|AHB-WB|0.005|0.005|0.005|0.000|0.00|8,471
7090|AHEALTH|9.210|9.140|9.090|-0.120|-1.30|238
4952|AHP|0.740|0.750|0.750|+0.010|+1.35|110
0122|AIM|0.280|0.000|0.000|0.000|0.00|0
5099|AIRASIA|2.740|2.770|2.790|+0.050|+1.82|82,846
509959|AIRASIAC59|0.025|0.020|0.020|-0.005|-20.00|10
509967|AIRASIAC67|0.085|0.090|0.100|+0.015|+17.65|20,351
509968|AIRASIAC68|0.005|0.000|0.000|0.000|0.00|0
509969|AIRASIAC69|0.035|0.000|0.000|0.000|0.00|0
509970|AIRASIAC70|0.015|0.000|0.000|0.000|0.00|0
509971|AIRASIAC71|0.080|0.085|0.090|+0.010|+12.50|8,160
509972|AIRASIAC72|0.185|0.190|0.200|+0.015|+8.11|2,940
509973|AIRASIAC73|0.220|0.215|0.225|+0.005|+2.27|4,182
509974|AIRASIAC74|0.310|0.000|0.000|0.000|0.00|0
509975|AIRASIAC75|0.140|0.000|0.000|0.000|0.00|0
509976|AIRASIAC76|0.065|0.065|0.070|+0.005|+7.69|16,110
509977|AIRASIAC77|0.075|0.080|0.085|+0.010|+13.33|46,543
509978|AIRASIAC78|0.105|0.105|0.110|+0.005|+4.76|35,400
509979|AIRASIAC79|0.050|0.055|0.055|+0.005|+10.00|1,000
509980|AIRASIAC80|0.050|0.055|0.055|+0.005|+10.00|30,790
5014|AIRPORT|7.740|7.700|7.740|0.000|0.00|36,952
5014C2|AIRPORT-C2|0.005|0.000|0.000|0.000|0.00|0
5014C3|AIRPORT-C3|0.035|0.000|0.000|0.000|0.00|0
5014C4|AIRPORT-C4|0.045|0.045|0.045|0.000|0.00|100
5014C5|AIRPORT-C5|0.055|0.055|0.055|0.000|0.00|19,087
5014C6|AIRPORT-C6|0.115|0.115|0.115|0.000|0.00|2
5014C7|AIRPORT-C7|0.095|0.000|0.000|0.000|0.00|0
2682|AISB|0.260|0.260|0.260|0.000|0.00|200
2658|AJI|18.500|18.460|18.500|0.000|0.00|396
7609|AJIYA|0.545|0.540|0.530|-0.015|-2.75|349
7609WA|AJIYA-WA|0.095|0.095|0.095|0.000|0.00|500
5115|ALAM|0.125|0.130|0.150|+0.025|+20.00|729,673
5116|ALAQAR|1.350|1.350|1.360|+0.010|+0.74|1,100
2674|ALCOM|0.520|0.520|0.525|+0.005|+0.96|1,004
1163|ALLIANZ|14.300|14.580|14.360|+0.060|+0.42|768
1163PA|ALLIANZ-PA|14.300|0.000|0.000|0.000|0.00|0
5269|ALSREIT|0.845|0.830|0.845|0.000|0.00|163
1015|AMBANK|4.500|4.500|4.510|+0.010|+0.22|28,833
101510|AMBANK-C10|0.170|0.160|0.160|-0.010|-5.88|100
101511|AMBANK-C11|0.180|0.000|0.000|0.000|0.00|0
101512|AMBANK-C12|0.135|0.000|0.000|0.000|0.00|0
101513|AMBANK-C13|0.095|0.000|0.000|0.000|0.00|0
0159|AMEDIA|0.165|0.160|0.160|-0.005|-3.03|18,375
5120|AMFIRST|0.530|0.530|0.530|0.000|0.00|1,015
03011|AMLEX|0.180|0.000|0.000|0.000|0.00|0
1007|AMPROP|0.510|0.510|0.515|+0.005|+0.98|1,586
1007PA|AMPROP-PA|0.245|0.240|0.245|0.000|0.00|29
1007PB|AMPROP-PB|0.580|0.000|0.000|0.000|0.00|0
7051|AMTEK|0.115|0.115|0.120|+0.005|+4.35|1,083
7031|AMTEL|0.665|0.665|0.665|0.000|0.00|26
5959|AMVERTON|1.000|1.060|1.100|+0.100|+10.00|3,610
6351|AMWAY|6.010|6.130|6.100|+0.090|+1.50|51
7083|ANALABS|1.200|1.130|1.120|-0.080|-6.67|150
4758|ANCOM|0.480|0.475|0.480|0.000|0.00|1,255
0048|ANCOMLB|0.080|0.085|0.095|+0.015|+18.75|4,034
6556|ANNJOO|1.580|1.580|1.570|-0.010|-0.63|3,026
6556PA|ANNJOO-PA|0.510|0.000|0.000|0.000|0.00|0
9342|ANZO|0.035|0.035|0.040|+0.005|+14.29|5,762
9342WA|ANZO-WA|0.005|0.000|0.000|0.000|0.00|0
9342WB|ANZO-WB|0.025|0.000|0.000|0.000|0.00|0
9342WC|ANZO-WC|0.005|0.000|0.000|0.000|0.00|0
5568|APB|0.730|0.000|0.000|0.000|0.00|0
5088|APEX|0.990|1.010|1.010|+0.020|+2.02|20
5194|APFT|0.015|0.015|0.015|0.000|0.00|5,202
5015|APM|3.100|3.030|3.030|-0.070|-2.26|77
6432|APOLLO|3.860|3.880|3.880|+0.020|+0.52|10
0119|APPASIA|0.090|0.085|0.090|0.000|0.00|501
0119WA|APPASIA-WA|0.035|0.000|0.000|0.000|0.00|0
7214|ARANK|0.520|0.525|0.515|-0.005|-0.96|900
7007|ARK|0.500|0.000|0.000|0.000|0.00|0
7007WB|ARK-WB|0.090|0.000|0.000|0.000|0.00|0
5210|ARMADA|0.190|0.185|0.195|+0.005|+2.63|1,033,705
521040|ARMADA-C40|0.005|0.000|0.000|0.000|0.00|0
521043|ARMADA-C43|0.005|0.000|0.000|0.000|0.00|0
521045|ARMADA-C45|0.005|0.000|0.000|0.000|0.00|0
521046|ARMADA-C46|0.005|0.000|0.000|0.000|0.00|0
521047|ARMADA-C47|0.005|0.000|0.000|0.000|0.00|0
521048|ARMADA-C48|0.005|0.000|0.000|0.000|0.00|0
521049|ARMADA-C49|0.005|0.000|0.000|0.000|0.00|0
521050|ARMADA-C50|0.015|0.000|0.000|0.000|0.00|0
5127|ARREIT|0.835|0.845|0.840|+0.005|+0.60|935
1481|ASB|0.125|0.130|0.135|+0.010|+8.00|18,639
0068|ASDION|0.275|0.275|0.275|0.000|0.00|35,061
0068WB|ASDION-WB|0.005|0.000|0.000|0.000|0.00|0
7722|ASIABRN|0.490|0.000|0.000|0.000|0.00|0
7129|ASIAFLE|2.550|2.530|2.590|+0.040|+1.57|73
4057|ASIAPAC|0.115|0.120|0.115|0.000|0.00|110
4057LC|ASIAPAC-LC|0.600|0.580|0.580|-0.020|-3.33|10
4057WB|ASIAPAC-WB|0.055|0.000|0.000|0.000|0.00|0
0105|ASIAPLY|0.080|0.080|0.080|0.000|0.00|1,450
0105PA|ASIAPLY-PA|0.035|0.000|0.000|0.000|0.00|0
0105WA|ASIAPLY-WA|0.015|0.000|0.000|0.000|0.00|0
0105WB|ASIAPLY-WB|0.025|0.000|0.000|0.000|0.00|0
7162|ASTINO|0.650|0.650|0.700|+0.050|+7.69|229
6399|ASTRO|1.540|1.550|1.520|-0.020|-1.30|16,834
639910|ASTRO-C10|0.120|0.110|0.100|-0.020|-16.67|6,000
639911|ASTRO-C11|0.110|0.000|0.000|0.000|0.00|0
639912|ASTRO-C12|0.090|0.075|0.075|-0.015|-16.67|900
639913|ASTRO-C13|0.090|0.080|0.080|-0.010|-11.11|4,000
639914|ASTRO-C14|0.080|0.000|0.000|0.000|0.00|0
0072|AT|0.050|0.050|0.050|0.000|0.00|1,030
0072WB|AT-WB|0.005|0.000|0.000|0.000|0.00|0
8176|ATAIMS|1.700|1.750|1.750|+0.050|+2.94|1,628
7048|ATLAN|4.380|0.000|0.000|0.000|0.00|0
5130|ATRIUM|1.120|1.130|1.120|0.000|0.00|1,074
7099|ATTA|0.655|0.650|0.680|+0.025|+3.82|1,205
7099LA|ATTA-LA|0.085|0.085|0.080|-0.005|-5.88|7,815
7099PA|ATTA-PA|0.130|0.000|0.000|0.000|0.00|0
7099WB|ATTA-WB|0.090|0.000|0.000|0.000|0.00|0
7099WC|ATTA-WC|0.095|0.000|0.000|0.000|0.00|0
7181|ATURMJU|0.380|0.355|0.325|-0.055|-14.47|136,698
7181PA|ATURMJU-PA|0.130|0.125|0.120|-0.010|-7.69|44,287
8885|AVI|0.240|0.235|0.235|-0.005|-2.08|750
7579|AWC|0.785|0.790|0.785|0.000|0.00|58,537
7579WA|AWC-WA|0.250|0.255|0.260|+0.010|+4.00|24,258
6888|AXIATA|4.060|4.090|4.220|+0.160|+3.94|24,546
688828|AXIATA-C28|0.020|0.000|0.000|0.000|0.00|0
688829|AXIATA-C29|0.005|0.000|0.000|0.000|0.00|0
688830|AXIATA-C30|0.040|0.000|0.000|0.000|0.00|0
688831|AXIATA-C31|0.040|0.000|0.000|0.000|0.00|0
688832|AXIATA-C32|0.110|0.000|0.000|0.000|0.00|0
688833|AXIATA-C33|0.160|0.175|0.170|+0.010|+6.25|1,682
688834|AXIATA-C34|0.160|0.180|0.180|+0.020|+12.50|300
688835|AXIATA-C35|0.155|0.000|0.000|0.000|0.00|0
688836|AXIATA-C36|0.175|0.185|0.185|+0.010|+5.71|3,998
688837|AXIATA-C37|0.075|0.085|0.080|+0.005|+6.67|4
5106|AXREIT|1.730|1.750|1.730|0.000|0.00|14,125
2305|AYER|4.500|0.000|0.000|0.000|0.00|0
5021|AYS|0.345|0.345|0.350|+0.005|+1.45|2,133
7078|AZRB|0.475|0.475|0.470|-0.005|-1.05|43,160
7078WA|AZRB-WA|0.210|0.210|0.205|-0.005|-2.38|1,828
0098|BAHVEST|0.670|0.670|0.675|+0.005|+0.75|66,198
0098WA|BAHVEST-WA|0.400|0.405|0.405|+0.005|+1.25|17,374
7251|BARAKAH|0.105|0.105|0.125|+0.020|+19.05|924,853
4162|BAT|34.480|34.400|34.260|-0.220|-0.64|2,072
4162CM|BAT-CM|0.070|0.060|0.065|-0.005|-7.14|1,910
4162CN|BAT-CN|0.130|0.000|0.000|0.000|0.00|0
4162CO|BAT-CO|0.075|0.000|0.000|0.000|0.00|0
5248|BAUTO|2.220|2.220|2.240|+0.020|+0.90|34,198
5248C1|BAUTO-C1|0.065|0.070|0.070|+0.005|+7.69|22,100
5248CY|BAUTO-CY|0.115|0.125|0.120|+0.005|+4.35|2,000
5248CZ|BAUTO-CZ|0.170|0.180|0.180|+0.010|+5.88|1,692
6602|BCB|0.280|0.280|0.285|+0.005|+1.79|1,190
0187|BCMALL|0.195|0.195|0.195|0.000|0.00|9,830
6173|BDB|0.345|0.335|0.335|-0.010|-2.90|1,350
5190|BENALEC|0.190|0.190|0.200|+0.010|+5.26|42,481
9814|BERTAM|0.280|0.000|0.000|0.000|0.00|0
8133|BHIC|1.240|1.250|1.240|0.000|0.00|10
7005|BIG|0.450|0.450|0.475|+0.025|+5.56|7,420
5258|BIMB|4.200|4.200|4.250|+0.050|+1.19|11,600
5258WA|BIMB-WA|0.245|0.245|0.260|+0.015|+6.12|7,111
0195|BINACOM|0.400|0.400|0.400|0.000|0.00|3,261
6998|BINTAI|0.130|0.130|0.135|+0.005|+3.85|14,842
6998WA|BINTAI-WA|0.050|0.000|0.000|0.000|0.00|0
0179|BIOHLDG|0.200|0.200|0.205|+0.005|+2.50|2,531
0179WA|BIOHLDG-WA|0.085|0.080|0.080|-0.005|-5.88|11,000
7243|BIOOSMO|0.055|0.055|0.060|+0.005|+9.09|1,150
5032|BIPORT|4.620|4.680|4.680|+0.060|+1.30|20
3239|BJASSET|0.315|0.315|0.315|0.000|0.00|2,326
3239WB|BJASSET-WB|0.065|0.000|0.000|0.000|0.00|0
3395|BJCORP|0.270|0.275|0.270|0.000|0.00|322,950
339510|BJCORP-C10|0.010|0.000|0.000|0.000|0.00|0
339511|BJCORP-C11|0.025|0.020|0.020|-0.005|-20.00|40
3395LD|BJCORP-LD|0.345|0.345|0.340|-0.005|-1.45|1,878
3395LE|BJCORP-LE|0.385|0.000|0.000|0.000|0.00|0
3395WB|BJCORP-WB|0.045|0.045|0.045|0.000|0.00|7,570
3395WC|BJCORP-WC|0.070|0.070|0.070|0.000|0.00|6,000
5196|BJFOOD|1.490|1.500|1.500|+0.010|+0.67|5,599
4219|BJLAND|0.280|0.275|0.275|-0.005|-1.79|3,821
6025|BJMEDIA|0.175|0.000|0.000|0.000|0.00|0
1562|BJTOTO|2.290|2.290|2.290|0.000|0.00|27,044
1562CW|BJTOTO-CW|0.060|0.060|0.060|0.000|0.00|2,500
1562CX|BJTOTO-CX|0.080|0.000|0.000|0.000|0.00|0
1899|BKAWAN|17.200|17.200|17.120|-0.080|-0.47|119
5069|BLDPLNT|6.960|0.000|0.000|0.000|0.00|0
0508C5|BOC-C5|0.130|0.130|0.130|0.000|0.00|9,000
0168|BOILERM|0.550|0.540|0.535|-0.015|-2.73|750
9288|BONIA|0.255|0.250|0.270|+0.015|+5.88|16,770
7036|BORNOIL|0.045|0.040|0.040|-0.005|-11.11|31,174
7036WC|BORNOIL-WC|0.020|0.000|0.000|0.000|0.00|0
7036WD|BORNOIL-WD|0.020|0.015|0.020|0.000|0.00|735
6297|BOXPAK|1.090|1.090|1.050|-0.040|-3.67|411
6297WA|BOXPAK-WA|0.175|0.000|0.000|0.000|0.00|0
5254|BPLANT|0.800|0.800|0.805|+0.005|+0.63|628
5100|BPPLAS|1.140|1.140|1.130|-0.010|-0.88|648
5932|BPURI|0.185|0.185|0.190|+0.005|+2.70|76,616
9474|BRAHIMS|0.185|0.190|0.180|-0.005|-2.70|105,423
8761|BREM|0.750|0.750|0.780|+0.030|+4.00|4,535
9938|BRIGHT|0.185|0.185|0.190|+0.005|+2.70|830
7221|BSLCORP|0.315|0.315|0.315|0.000|0.00|100
2771|BSTEAD|1.350|1.320|1.320|-0.030|-2.22|1,350
0011|BTECH|0.315|0.310|0.305|-0.010|-3.17|9,340
7188|BTM|0.115|0.110|0.115|0.000|0.00|509
7188WA|BTM-WA|0.015|0.000|0.000|0.000|0.00|0
7188WB|BTM-WB|0.040|0.000|0.000|0.000|0.00|0
1818|BURSA|6.900|6.920|6.870|-0.030|-0.43|5,383
181820|BURSA-C20|0.005|0.000|0.000|0.000|0.00|0
181821|BURSA-C21|0.075|0.000|0.000|0.000|0.00|0
181822|BURSA-C22|0.060|0.000|0.000|0.000|0.00|0
181823|BURSA-C23|0.045|0.000|0.000|0.000|0.00|0
7174|CAB|0.600|0.595|0.590|-0.010|-1.67|6,486
7174WA|CAB-WA|0.405|0.410|0.410|+0.005|+1.23|23
0191|CABNET|0.310|0.305|0.315|+0.005|+1.61|751
0191WA|CABNET-WA|0.055|0.055|0.055|0.000|0.00|730
7154|CAELY|0.950|0.920|0.940|-0.010|-1.05|1,540
7154WA|CAELY-WA|0.555|0.520|0.520|-0.035|-6.31|100
7128|CAMRES|0.250|0.255|0.270|+0.020|+8.00|350
5105|CANONE|2.770|2.770|2.840|+0.070|+2.53|3,943
5229|CAP|0.010|0.000|0.000|0.000|0.00|0
0163|CAREPLS|0.165|0.170|0.165|0.000|0.00|9,953
5257|CARIMIN|0.800|0.805|0.835|+0.035|+4.38|288,115
5245|CARING|1.960|1.940|1.950|-0.010|-0.51|300
2836|CARLSBG|25.800|25.900|25.800|0.000|0.00|3,945
7076|CBIP|1.050|1.060|1.070|+0.020|+1.90|1,210
7076WA|CBIP-WA|0.015|0.015|0.015|0.000|0.00|150
2925|CCB|1.580|1.570|1.570|-0.010|-0.63|30
7035|CCK|0.625|0.615|0.615|-0.010|-1.60|14,551
7035WA|CCK-WA|0.120|0.120|0.120|0.000|0.00|18,527
2879|CCM|1.980|1.930|1.920|-0.060|-3.03|666
5195|CENSOF|0.145|0.145|0.155|+0.010|+6.90|3,705
5195WB|CENSOF-WB|0.005|0.000|0.000|0.000|0.00|0
8982|CEPAT|0.600|0.590|0.585|-0.015|-2.50|350
8435|CEPCO|0.630|0.000|0.000|0.000|0.00|0
8044|CFM|1.350|1.260|1.260|-0.090|-6.67|10
0579C1|CGARDEN-C1|0.110|0.110|0.105|-0.005|-4.55|9,000
7209|CHEETAH|0.310|0.000|0.000|0.000|0.00|0
7187|CHGP|0.350|0.345|0.350|0.000|0.00|360
7187WA|CHGP-WA|0.175|0.175|0.185|+0.010|+5.71|201
5738|CHHB|1.490|1.500|1.500|+0.010|+0.67|573
5738WB|CHHB-WB|0.410|0.370|0.370|-0.040|-9.76|10
0829EA|CHINAETF-MYR|5.750|5.730|5.730|-0.020|-0.35|4
0829EB|CHINAETF-USD|1.275|0.000|0.000|0.000|0.00|0
5273|CHINHIN|0.800|0.795|0.800|0.000|0.00|1,037
1929|CHINTEK|6.520|6.800|6.700|+0.180|+2.76|55
5007|CHINWEL|1.800|1.800|1.810|+0.010|+0.56|684
0501CG|CHMOBIL-CG|0.175|0.185|0.180|+0.005|+2.86|21,880
5797|CHOOBEE|1.620|1.620|1.620|0.000|0.00|25
7016|CHUAN|0.395|0.395|0.395|0.000|0.00|250
8052|CICB|0.590|0.000|0.000|0.000|0.00|0
2828|CIHLDG|1.450|1.460|1.450|0.000|0.00|170
1023|CIMB|5.370|5.390|5.450|+0.080|+1.49|118,046
102340|CIMB-C40|0.025|0.000|0.000|0.000|0.00|0
102341|CIMB-C41|0.075|0.000|0.000|0.000|0.00|0
102342|CIMB-C42|0.050|0.000|0.000|0.000|0.00|0
102343|CIMB-C43|0.025|0.000|0.000|0.000|0.00|0
102344|CIMB-C44|0.035|0.000|0.000|0.000|0.00|0
102345|CIMB-C45|0.065|0.065|0.070|+0.005|+7.69|33,578
102346|CIMB-C46|0.075|0.080|0.080|+0.005|+6.67|9,998
102347|CIMB-C47|0.075|0.075|0.075|0.000|0.00|200
0822EA|CIMBA40|1.865|1.865|1.865|0.000|0.00|7
0823EA|CIMBC50|1.610|0.000|0.000|0.000|0.00|0
7117|CJCEN|0.445|0.445|0.450|+0.005|+1.12|13,718
0514C3|CKHUTCH-C3|0.075|0.000|0.000|0.000|0.00|0
03001|CLOUD|0.300|0.000|0.000|0.000|0.00|0
7018|CME|0.040|0.000|0.000|0.000|0.00|0
7018LA|CME-LA|0.020|0.000|0.000|0.000|0.00|0
7018WA|CME-WA|0.025|0.000|0.000|0.000|0.00|0
5180|CMMT|1.120|1.110|1.120|0.000|0.00|16,475
2852|CMSB|3.330|3.330|3.400|+0.070|+2.10|16,772
285214|CMSB-C14|0.085|0.000|0.000|0.000|0.00|0
285215|CMSB-C15|0.125|0.125|0.125|0.000|0.00|50
7986|CNASIA|0.435|0.410|0.435|0.000|0.00|265
5104|CNI|0.075|0.070|0.070|-0.005|-6.67|240
5188|CNOUHUA|0.050|0.000|0.000|0.000|0.00|0
5071|COASTAL|1.280|1.310|1.300|+0.020|+1.56|2,544
7205|COCOLND|2.020|2.020|2.020|0.000|0.00|100
7195|COMCORP|0.110|0.105|0.110|0.000|0.00|1,565
2127|COMFORT|0.820|0.810|0.810|-0.010|-1.22|2,491
5136|COMPLET|0.890|0.890|0.895|+0.005|+0.56|946
5037|COMPUGT|0.025|0.025|0.025|0.000|0.00|27,498
0102|CONNECT|0.110|0.105|0.105|-0.005|-4.55|3,682
0102PA|CONNECT-PA|0.030|0.000|0.000|0.000|0.00|0
0102WA|CONNECT-WA|0.025|0.025|0.030|+0.005|+20.00|5,699
0102WB|CONNECT-WB|0.025|0.000|0.000|0.000|0.00|0
8591|CRESBLD|1.030|1.030|1.040|+0.010|+0.97|21,490
6718|CRESNDO|1.250|1.270|1.270|+0.020|+1.60|10
03016|CRG|0.045|0.045|0.045|0.000|0.00|4,349
7202|CSCENIC|1.130|1.130|1.130|0.000|0.00|565
5094|CSCSTEL|1.080|1.070|1.070|-0.010|-0.93|1,168
5214|CSL|0.010|0.000|0.000|0.000|0.00|0
0051|CUSCAPI|0.190|0.190|0.195|+0.005|+2.63|40,161
5049|CVIEW|1.510|1.430|1.430|-0.080|-5.30|105
9423|CWG|0.415|0.420|0.420|+0.005|+1.20|150
7157|CYL|0.435|0.460|0.435|0.000|0.00|70
5082|CYMAO|0.345|0.000|0.000|0.000|0.00|0
5184|CYPARK|1.720|1.720|1.710|-0.010|-0.58|3,176
7204|D&O|0.695|0.695|0.695|0.000|0.00|40,604
8125|DAIBOCI|1.580|1.580|1.580|0.000|0.00|12,044
8125WB|DAIBOCI-WB|0.130|0.125|0.125|-0.005|-3.85|1,088
5355|DAIMAN|2.990|0.000|0.000|0.000|0.00|0
5276|DANCO|0.670|0.670|0.650|-0.020|-2.99|47,241
5276WA|DANCO-WA|0.430|0.440|0.410|-0.020|-4.65|37,927
8338|DATAPRP|0.220|0.215|0.215|-0.005|-2.27|9,600
0091|DAYA|0.005|0.005|0.005|0.000|0.00|15,433
5141|DAYANG|1.650|1.690|1.690|+0.040|+2.42|397,702
7179|DBE|0.030|0.030|0.030|0.000|0.00|800
7179WB|DBE-WB|0.010|0.005|0.010|0.000|0.00|2,701
3484|DBHD|0.530|0.535|0.530|0.000|0.00|49,513
3484WA|DBHD-WA|0.105|0.110|0.120|+0.015|+14.29|32,139
7119|DEGEM|1.050|0.000|0.000|0.000|0.00|0
5132|DELEUM|1.080|1.080|1.130|+0.050|+4.63|3,907
7212|DESTINI|0.220|0.220|0.255|+0.035|+15.91|239,264
0152|DGB|0.125|0.120|0.120|-0.005|-4.00|900
0152WB|DGB-WB|0.030|0.000|0.000|0.000|0.00|0
0131|DGSB|0.085|0.085|0.085|0.000|0.00|10,317
7277|DIALOG|3.190|3.190|3.200|+0.010|+0.31|54,941
727733|DIALOG-C33|0.005|0.005|0.005|0.000|0.00|7,690
727735|DIALOG-C35|0.005|0.000|0.000|0.000|0.00|0
727736|DIALOG-C36|0.055|0.000|0.000|0.000|0.00|0
727737|DIALOG-C37|0.045|0.055|0.050|+0.005|+11.11|1,054
727738|DIALOG-C38|0.040|0.000|0.000|0.000|0.00|0
727739|DIALOG-C39|0.050|0.000|0.000|0.000|0.00|0
727740|DIALOG-C40|0.110|0.125|0.115|+0.005|+4.55|4,200
727741|DIALOG-C41|0.100|0.105|0.100|0.000|0.00|16,581
727742|DIALOG-C42|0.135|0.000|0.000|0.000|0.00|0
727743|DIALOG-C43|0.150|0.100|0.100|-0.050|-33.33|400
727744|DIALOG-C44|0.075|0.085|0.080|+0.005|+6.67|300
6947|DIGI|4.530|4.540|4.550|+0.020|+0.44|17,756
694724|DIGI-C24|0.035|0.000|0.000|0.000|0.00|0
694725|DIGI-C25|0.105|0.000|0.000|0.000|0.00|0
694726|DIGI-C26|0.115|0.000|0.000|0.000|0.00|0
694727|DIGI-C27|0.105|0.000|0.000|0.000|0.00|0
694728|DIGI-C28|0.050|0.000|0.000|0.000|0.00|0
0029|DIGISTA|0.045|0.045|0.045|0.000|0.00|6,701
0029WB|DIGISTA-WB|0.015|0.000|0.000|0.000|0.00|0
0400GA|DIN040000223|99.500|0.000|0.000|0.000|0.00|0
0400GC|DIN042300721|100.500|0.000|0.000|0.000|0.00|0
0400GB|DIN045801028|100.700|0.000|0.000|0.000|0.00|0
7528|DKLS|1.730|0.000|0.000|0.000|0.00|0
5908|DKSH|2.430|2.430|2.490|+0.060|+2.47|363
3026|DLADY|63.700|64.000|63.800|+0.100|+0.16|38
4456|DNEX|0.285|0.280|0.295|+0.010|+3.51|198,752
4456WD|DNEX-WD|0.070|0.070|0.075|+0.005|+7.14|53,271
7114|DNONCE|0.435|0.435|0.440|+0.005|+1.15|496
7114WA|DNONCE-WA|0.205|0.190|0.200|-0.005|-2.44|158
5835|DOLMITE|0.110|0.000|0.000|0.000|0.00|0
5265|DOLPHIN|0.155|0.160|0.140|-0.015|-9.68|46,253
5265WA|DOLPHIN-WA|0.030|0.035|0.030|0.000|0.00|11,239
7169|DOMINAN|1.270|1.280|1.280|+0.010|+0.79|31
7169WA|DOMINAN-WA|0.080|0.000|0.000|0.000|0.00|0
7148|DPHARMA|1.110|1.120|1.110|0.000|0.00|1,756
0205|DPIH|0.215|0.215|0.220|+0.005|+2.33|8,199
7198|DPS|0.065|0.060|0.065|0.000|0.00|611
7198WB|DPS-WB|0.030|0.000|0.000|0.000|0.00|0
1619|DRBHCOM|1.820|1.820|1.870|+0.050|+2.75|14,493
161960|DRBHCOMC60|0.015|0.015|0.015|0.000|0.00|2,593
161962|DRBHCOMC62|0.005|0.000|0.000|0.000|0.00|0
161963|DRBHCOMC63|0.005|0.000|0.000|0.000|0.00|0
161964|DRBHCOMC64|0.005|0.000|0.000|0.000|0.00|0
161966|DRBHCOMC66|0.005|0.000|0.000|0.000|0.00|0
161967|DRBHCOMC67|0.015|0.010|0.010|-0.005|-33.33|2,000
161968|DRBHCOMC68|0.080|0.080|0.085|+0.005|+6.25|11,610
161969|DRBHCOMC69|0.120|0.120|0.120|0.000|0.00|300
161970|DRBHCOMC70|0.140|0.140|0.145|+0.005|+3.57|3,183
161971|DRBHCOMC71|0.120|0.000|0.000|0.000|0.00|0
161972|DRBHCOMC72|0.110|0.000|0.000|0.000|0.00|0
161973|DRBHCOMC73|0.100|0.000|0.000|0.000|0.00|0
161974|DRBHCOMC74|0.080|0.080|0.080|0.000|0.00|3,000
161975|DRBHCOMC75|0.065|0.000|0.000|0.000|0.00|0
5216|DSONIC|0.495|0.490|0.510|+0.015|+3.03|256,738
5216WA|DSONIC-WA|0.085|0.080|0.090|+0.005|+5.88|53,741
7233|DUFU|1.590|1.600|1.550|-0.040|-2.52|26,187
3948|DUTALND|0.495|0.495|0.495|0.000|0.00|3,275
7165|DWL|0.840|0.785|0.785|-0.055|-6.55|1,200
7165PA|DWL-PA|0.250|0.220|0.220|-0.030|-12.00|10
7165WA|DWL-WA|0.225|0.225|0.225|0.000|0.00|100
5178|DYNACIA|0.095|0.095|0.095|0.000|0.00|122,470
5178PA|DYNACIA-PA|0.050|0.050|0.045|-0.005|-10.00|6,153
5178WA|DYNACIA-WA|0.040|0.040|0.035|-0.005|-12.50|7,500
3417|E&O|0.865|0.875|0.860|-0.005|-0.58|54,008
341713|E&O-C13|0.100|0.100|0.100|0.000|0.00|2,201
3417WB|E&O-WB|0.005|0.000|0.000|0.000|0.00|0
0154|EAH|0.015|0.020|0.015|0.000|0.00|4,525
0154WC|EAH-WC|0.005|0.000|0.000|0.000|0.00|0
0154WD|EAH-WD|0.005|0.000|0.000|0.000|0.00|0
0154WE|EAH-WE|0.010|0.005|0.010|0.000|0.00|351
2097|EASTLND|0.105|0.105|0.100|-0.005|-4.76|5,760
5259|EATECH|0.425|0.425|0.465|+0.040|+9.41|72,671
2143|ECM|0.275|0.275|0.275|0.000|0.00|14
3557|ECOFIRS|0.305|0.300|0.300|-0.005|-1.64|6,450
3557WC|ECOFIRS-WC|0.015|0.025|0.025|+0.010|+66.67|20
0059|ECOHLDS|0.270|0.270|0.300|+0.030|+11.11|6,420
5253|ECONBHD|0.490|0.485|0.475|-0.015|-3.06|96,627
5253WA|ECONBHD-WA|0.125|0.120|0.120|-0.005|-4.00|16,270
8206|ECOWLD|0.930|0.930|0.940|+0.010|+1.08|3,965
8206CQ|ECOWLD-CQ|0.005|0.000|0.000|0.000|0.00|0
8206CS|ECOWLD-CS|0.035|0.000|0.000|0.000|0.00|0
8206CT|ECOWLD-CT|0.150|0.000|0.000|0.000|0.00|0
8206WA|ECOWLD-WA|0.180|0.185|0.180|0.000|0.00|590
5036|EDARAN|0.560|0.575|0.555|-0.005|-0.89|8,610
7471|EDEN|0.120|0.115|0.115|-0.005|-4.17|18,749
7471WB|EDEN-WB|0.040|0.045|0.045|+0.005|+12.50|300
1368|EDGENTA|2.800|2.800|2.850|+0.050|+1.79|50
0107|EDUSPEC|0.025|0.025|0.025|0.000|0.00|3,183
0064|EFFICEN|0.185|0.175|0.175|-0.010|-5.41|796
0065|EFORCE|0.490|0.490|0.485|-0.005|-1.02|16,820
0065WA|EFORCE-WA|0.150|0.150|0.145|-0.005|-3.33|6,734
8907|EG|0.460|0.460|0.455|-0.005|-1.09|4,345
8907PA|EG-PA|0.450|0.450|0.450|0.000|0.00|93
8907WC|EG-WC|0.130|0.000|0.000|0.000|0.00|0
5081|EIG|0.655|0.000|0.000|0.000|0.00|0
5208|EITA|1.360|1.360|1.360|0.000|0.00|240
7182|EKA|0.070|0.060|0.065|-0.005|-7.14|1,515
8877|EKOVEST|0.590|0.560|0.560|-0.030|-5.08|173,345
8877CQ|EKOVEST-CQ|0.005|0.000|0.000|0.000|0.00|0
8877CR|EKOVEST-CR|0.005|0.000|0.000|0.000|0.00|0
8877CS|EKOVEST-CS|0.050|0.040|0.040|-0.010|-20.00|150
8877CT|EKOVEST-CT|0.060|0.055|0.050|-0.010|-16.67|23,850
8877WB|EKOVEST-WB|0.110|0.100|0.090|-0.020|-18.18|128,263
9016|EKSONS|0.820|0.800|0.820|0.000|0.00|410
5228|ELKDESA|1.450|1.450|1.420|-0.030|-2.07|673
5228LA|ELKDESA-LA|1.170|0.000|0.000|0.000|0.00|0
0090|ELSOFT|1.010|1.010|1.010|0.000|0.00|9,311
7217|EMETALL|0.400|0.390|0.400|0.000|0.00|538
9091|EMICO|0.175|0.160|0.160|-0.015|-8.57|509
6076|ENCORP|0.360|0.360|0.360|0.000|0.00|302
7149|ENGKAH|1.050|1.030|1.040|-0.010|-0.95|62
5056|ENGTEX|0.800|0.800|0.815|+0.015|+1.88|3,875
8613|ENRA|1.550|0.000|0.000|0.000|0.00|0
7773|EPMB|0.370|0.000|0.000|0.000|0.00|0
0190|ESAFE|0.210|0.000|0.000|0.000|0.00|0
0100|ESCERAM|0.155|0.150|0.160|+0.005|+3.23|213
03021|ETH|0.185|0.000|0.000|0.000|0.00|0
6815|EUPE|0.655|0.000|0.000|0.000|0.00|0
7208|EURO|0.135|0.135|0.135|0.000|0.00|1,162
7094|EUROSP|0.405|0.405|0.405|0.000|0.00|50
5101|EVERGRN|0.375|0.365|0.365|-0.010|-2.67|12,535
7249|EWEIN|0.595|0.605|0.590|-0.005|-0.84|19,571
5283|EWINT|0.760|0.765|0.780|+0.020|+2.63|3,482
5283WA|EWINT-WA|0.145|0.150|0.150|+0.005|+3.45|4,836
3689|F&N|34.980|35.000|35.260|+0.280|+0.80|5,803
2984|FACBIND|1.300|0.000|0.000|0.000|0.00|0
7047|FAJAR|0.450|0.445|0.450|0.000|0.00|43,037
7047WB|FAJAR-WB|0.045|0.045|0.045|0.000|0.00|20,906
5029|FAREAST|2.780|0.000|0.000|0.000|0.00|0
6041|FARLIM|0.375|0.360|0.375|0.000|0.00|2,250
7229|FAVCO|2.800|2.800|2.810|+0.010|+0.36|1,810
06505D|FBMKLCI-C5D|0.085|0.000|0.000|0.000|0.00|0
06505I|FBMKLCI-C5I|0.005|0.000|0.000|0.000|0.00|0
06505J|FBMKLCI-C5J|0.040|0.000|0.000|0.000|0.00|0
06505K|FBMKLCI-C5K|0.005|0.000|0.000|0.000|0.00|0
06505L|FBMKLCI-C5L|0.070|0.000|0.000|0.000|0.00|0
06505M|FBMKLCI-C5M|0.130|0.000|0.000|0.000|0.00|0
06505N|FBMKLCI-C5N|0.040|0.045|0.045|+0.005|+12.50|2,100
06505O|FBMKLCI-C5O|0.035|0.035|0.035|0.000|0.00|200
06505P|FBMKLCI-C5P|0.175|0.000|0.000|0.000|0.00|0
06505Q|FBMKLCI-C5Q|0.275|0.000|0.000|0.000|0.00|0
06505R|FBMKLCI-C5R|0.045|0.000|0.000|0.000|0.00|0
06505S|FBMKLCI-C5S|0.150|0.000|0.000|0.000|0.00|0
06505T|FBMKLCI-C5T|0.230|0.000|0.000|0.000|0.00|0
06505U|FBMKLCI-C5U|0.150|0.000|0.000|0.000|0.00|0
06505V|FBMKLCI-C5V|0.055|0.000|0.000|0.000|0.00|0
06505W|FBMKLCI-C5W|0.150|0.000|0.000|0.000|0.00|0
0820EA|FBMKLCI-EA|1.785|1.780|1.780|-0.005|-0.28|4
06506F|FBMKLCI-H6F|0.025|0.000|0.000|0.000|0.00|0
06506K|FBMKLCI-H6K|0.195|0.000|0.000|0.000|0.00|0
06506L|FBMKLCI-H6L|0.135|0.000|0.000|0.000|0.00|0
06506M|FBMKLCI-H6M|0.190|0.195|0.195|+0.005|+2.63|100
06506N|FBMKLCI-H6N|0.225|0.000|0.000|0.000|0.00|0
06506O|FBMKLCI-H6O|0.330|0.000|0.000|0.000|0.00|0
06506P|FBMKLCI-H6P|0.060|0.055|0.055|-0.005|-8.33|418
06506Q|FBMKLCI-H6Q|0.095|0.000|0.000|0.000|0.00|0
06506R|FBMKLCI-H6R|0.240|0.000|0.000|0.000|0.00|0
06506S|FBMKLCI-H6S|0.365|0.360|0.360|-0.005|-1.37|1,000
06506T|FBMKLCI-H6T|0.105|0.105|0.105|0.000|0.00|200
06506U|FBMKLCI-H6U|0.255|0.000|0.000|0.000|0.00|0
06506V|FBMKLCI-H6V|0.255|0.000|0.000|0.000|0.00|0
06506W|FBMKLCI-H6W|0.155|0.000|0.000|0.000|0.00|0
06506X|FBMKLCI-H6X|0.120|0.000|0.000|0.000|0.00|0
06506Y|FBMKLCI-H6Y|0.150|0.000|0.000|0.000|0.00|0
2755|FCW|0.950|0.000|0.000|0.000|0.00|0
5222|FGV|1.130|1.140|1.160|+0.030|+2.65|165,719
522255|FGV-C55|0.015|0.000|0.000|0.000|0.00|0
522256|FGV-C56|0.005|0.000|0.000|0.000|0.00|0
522257|FGV-C57|0.005|0.000|0.000|0.000|0.00|0
522258|FGV-C58|0.010|0.010|0.010|0.000|0.00|200
522259|FGV-C59|0.035|0.000|0.000|0.000|0.00|0
522260|FGV-C60|0.005|0.000|0.000|0.000|0.00|0
522261|FGV-C61|0.025|0.000|0.000|0.000|0.00|0
522262|FGV-C62|0.080|0.085|0.085|+0.005|+6.25|6,700
522263|FGV-C63|0.155|0.155|0.165|+0.010|+6.45|31,455
522264|FGV-C64|0.240|0.000|0.000|0.000|0.00|0
522265|FGV-C65|0.170|0.175|0.170|0.000|0.00|8,101
522266|FGV-C66|0.310|0.000|0.000|0.000|0.00|0
522267|FGV-C67|0.390|0.385|0.415|+0.025|+6.41|2,255
522268|FGV-C68|0.200|0.000|0.000|0.000|0.00|0
522269|FGV-C69|0.110|0.000|0.000|0.000|0.00|0
522270|FGV-C70|0.095|0.100|0.100|+0.005|+5.26|100
522271|FGV-C71|0.040|0.045|0.045|+0.005|+12.50|500
522272|FGV-C72|0.035|0.040|0.040|+0.005|+14.29|55,900
522273|FGV-C73|0.080|0.080|0.080|0.000|0.00|31,351
6939|FIAMMA|0.490|0.465|0.460|-0.030|-6.12|60
0149|FIBON|0.465|0.000|0.000|0.000|0.00|0
8605|FIHB|0.415|0.405|0.415|0.000|0.00|3,341
8605PA|FIHB-PA|0.085|0.000|0.000|0.000|0.00|0
8605PB|FIHB-PB|0.080|0.000|0.000|0.000|0.00|0
3107|FIMACOR|1.940|1.930|1.930|-0.010|-0.52|1
0150|FINTEC|0.050|0.055|0.050|0.000|0.00|14,222
0150PA|FINTEC-PA|0.025|0.025|0.025|0.000|0.00|11,680
0150WA|FINTEC-WA|0.015|0.010|0.010|-0.005|-33.33|2,100
0150WB|FINTEC-WB|0.020|0.000|0.000|0.000|0.00|0
9318|FITTERS|0.515|0.520|0.515|0.000|0.00|58,149
9318WB|FITTERS-WB|0.025|0.030|0.025|0.000|0.00|10,162
5197|FLBHD|1.670|1.680|1.670|0.000|0.00|4,039
0116|FOCUS|0.145|0.140|0.140|-0.005|-3.45|42,925
0116WC|FOCUS-WC|0.080|0.000|0.000|0.000|0.00|0
0157|FOCUSP|0.405|0.400|0.410|+0.005|+1.23|10,474
5277|FPGROUP|0.300|0.300|0.310|+0.010|+3.33|38,986
9172|FPI|1.800|1.800|1.820|+0.020|+1.11|3,094
7210|FREIGHT|0.575|0.575|0.585|+0.010|+1.74|2,825
0128|FRONTKN|0.965|0.965|0.965|0.000|0.00|38,579
9377|FSBM|0.095|0.000|0.000|0.000|0.00|0
9377WA|FSBM-WA|0.025|0.000|0.000|0.000|0.00|0
7184|G3|0.790|0.000|0.000|0.000|0.00|0
7184WA|G3-WA|0.750|0.700|0.700|-0.050|-6.67|1,100
9261|GADANG|0.650|0.650|0.685|+0.035|+5.38|352,700
9261WB|GADANG-WB|0.165|0.175|0.200|+0.035|+21.21|106,764
5398|GAMUDA|2.960|2.960|2.900|-0.060|-2.03|48,840
539851|GAMUDA-C51|0.015|0.000|0.000|0.000|0.00|0
539853|GAMUDA-C53|0.005|0.000|0.000|0.000|0.00|0
539856|GAMUDA-C56|0.030|0.000|0.000|0.000|0.00|0
539857|GAMUDA-C57|0.050|0.000|0.000|0.000|0.00|0
539858|GAMUDA-C58|0.080|0.000|0.000|0.000|0.00|0
539859|GAMUDA-C59|0.190|0.190|0.185|-0.005|-2.63|302
539860|GAMUDA-C60|0.115|0.115|0.110|-0.005|-4.35|12,000
539861|GAMUDA-C61|0.090|0.085|0.080|-0.010|-11.11|5,800
539862|GAMUDA-C62|0.110|0.110|0.110|0.000|0.00|400
539863|GAMUDA-C63|0.115|0.115|0.110|-0.005|-4.35|8,000
5398WE|GAMUDA-WE|0.230|0.225|0.230|0.000|0.00|10,577
5209|GASMSIA|2.830|2.850|2.830|0.000|0.00|754
5226|GBGAQRS|1.190|1.210|1.230|+0.040|+3.36|13,327
5226WB|GBGAQRS-WB|0.300|0.300|0.295|-0.005|-1.67|37,953
5102|GCB|3.670|3.690|3.730|+0.060|+1.63|4,889
5102CA|GCB-CA|0.270|0.280|0.280|+0.010|+3.70|100
5102CB|GCB-CB|0.185|0.190|0.190|+0.005|+2.70|1,999
5102CC|GCB-CC|0.155|0.145|0.145|-0.010|-6.45|15,000
5592|GCE|0.475|0.470|0.465|-0.010|-2.11|120
0198|GDB|0.265|0.265|0.290|+0.025|+9.43|25,815
0078|GDEX|0.345|0.340|0.335|-0.010|-2.90|74,366
0078WB|GDEX-WB|0.055|0.055|0.055|0.000|0.00|14,153
0580C1|GEELY-C1|0.050|0.000|0.000|0.000|0.00|0
0104|GENETEC|1.740|1.770|1.760|+0.020|+1.15|330
4715|GENM|3.370|3.380|3.380|+0.010|+0.30|55,837
471538|GENM-C38|0.005|0.000|0.000|0.000|0.00|0
471540|GENM-C40|0.150|0.000|0.000|0.000|0.00|0
471541|GENM-C41|0.005|0.005|0.005|0.000|0.00|10,000
471542|GENM-C42|0.045|0.000|0.000|0.000|0.00|0
471543|GENM-C43|0.045|0.045|0.045|0.000|0.00|500
471544|GENM-C44|0.075|0.000|0.000|0.000|0.00|0
471545|GENM-C45|0.155|0.000|0.000|0.000|0.00|0
471546|GENM-C46|0.110|0.110|0.110|0.000|0.00|7,000
471547|GENM-C47|0.135|0.140|0.140|+0.005|+3.70|12,000
471548|GENM-C48|0.125|0.000|0.000|0.000|0.00|0
471549|GENM-C49|0.200|0.195|0.200|0.000|0.00|14,100
471550|GENM-C50|0.185|0.185|0.185|0.000|0.00|200
471551|GENM-C51|0.135|0.135|0.135|0.000|0.00|1,999
471552|GENM-C52|0.205|0.000|0.000|0.000|0.00|0
471553|GENM-C53|0.125|0.000|0.000|0.000|0.00|0
471554|GENM-C54|0.150|0.095|0.095|-0.055|-36.67|1,000
2291|GENP|10.500|10.500|10.520|+0.020|+0.19|1,424
2291WA|GENP-WA|2.580|2.620|2.680|+0.100|+3.88|275
3182|GENTING|7.010|7.010|7.010|0.000|0.00|30,543
318251|GENTINGC51|0.005|0.000|0.000|0.000|0.00|0
318255|GENTINGC55|0.050|0.000|0.000|0.000|0.00|0
318256|GENTINGC56|0.030|0.000|0.000|0.000|0.00|0
318257|GENTINGC57|0.095|0.095|0.095|0.000|0.00|2,000
318258|GENTINGC58|0.070|0.070|0.070|0.000|0.00|3,533
318259|GENTINGC59|0.105|0.100|0.105|0.000|0.00|13,000
318260|GENTINGC60|0.150|0.000|0.000|0.000|0.00|0
318261|GENTINGC61|0.120|0.120|0.115|-0.005|-4.17|4,300
318262|GENTINGC62|0.150|0.000|0.000|0.000|0.00|0
318263|GENTINGC63|0.150|0.000|0.000|0.000|0.00|0
318264|GENTINGC64|0.090|0.000|0.000|0.000|0.00|0
7197|GESHEN|0.630|0.620|0.615|-0.015|-2.38|580
5079|GETS|0.125|0.000|0.000|0.000|0.00|0
0039|GFM|0.540|0.535|0.520|-0.020|-3.70|56,181
0039WC|GFM-WC|0.215|0.215|0.205|-0.010|-4.65|62,194
0021|GHLSYS|1.650|1.650|1.660|+0.010|+0.61|1,239
0021CA|GHLSYS-CA|0.110|0.000|0.000|0.000|0.00|0
3204|GKENT|1.200|1.200|1.180|-0.020|-1.67|43,073
7382|GLBHD|0.390|0.000|0.000|0.000|0.00|0
5020|GLOMAC|0.360|0.365|0.375|+0.015|+4.17|2,728
5220|GLOTEC|0.475|0.465|0.460|-0.015|-3.16|5,024
5220WA|GLOTEC-WA|0.080|0.000|0.000|0.000|0.00|0
9962|GMUTUAL|0.265|0.280|0.270|+0.005|+1.89|500
0045|GNB|0.050|0.050|0.050|0.000|0.00|3,089
1147|GOB|0.180|0.175|0.180|0.000|0.00|260
1147WA|GOB-WA|0.005|0.005|0.005|0.000|0.00|5,500
0074|GOCEAN|0.110|0.110|0.115|+0.005|+4.55|1,416
0074WA|GOCEAN-WA|0.005|0.000|0.000|0.000|0.00|0
0828EA|GOLDETF|1.745|0.000|0.000|0.000|0.00|0
7192|GOODWAY|0.215|0.210|0.215|0.000|0.00|7,832
2135|GOPENG|0.700|0.000|0.000|0.000|0.00|0
7096|GPA|0.105|0.110|0.105|0.000|0.00|1,730
7096WA|GPA-WA|0.030|0.030|0.025|-0.005|-16.67|34,987
0082|GPACKET|0.310|0.315|0.320|+0.010|+3.23|1,330
0082WB|GPACKET-WB|0.080|0.085|0.080|0.000|0.00|603
5649|GPHAROS|0.220|0.220|0.230|+0.010|+4.55|181
0056|GRANFLO|0.210|0.210|0.215|+0.005|+2.38|400
0136|GREENYB|0.125|0.125|0.125|0.000|0.00|1,100
7077|GSB|0.200|0.205|0.200|0.000|0.00|19,947
7022|GTRONIC|1.890|1.890|1.860|-0.030|-1.59|9,603
7022CR|GTRONIC-CR|0.005|0.000|0.000|0.000|0.00|0
7022CS|GTRONIC-CS|0.005|0.000|0.000|0.000|0.00|0
7022CT|GTRONIC-CT|0.005|0.000|0.000|0.000|0.00|0
7022CU|GTRONIC-CU|0.030|0.000|0.000|0.000|0.00|0
7022CV|GTRONIC-CV|0.095|0.000|0.000|0.000|0.00|0
7022CW|GTRONIC-CW|0.060|0.000|0.000|0.000|0.00|0
3247|GUH|0.510|0.490|0.500|-0.010|-1.96|80
7676|GUNUNG|0.320|0.315|0.305|-0.015|-4.69|1,765
7676WB|GUNUNG-WB|0.055|0.050|0.055|0.000|0.00|1,249
1503|GUOCO|0.740|0.735|0.735|-0.005|-0.68|852
7668|HAIO|2.760|2.770|2.690|-0.070|-2.54|1,952
7668CG|HAIO-CG|0.075|0.000|0.000|0.000|0.00|0
5151|HALEX|0.945|0.970|1.000|+0.055|+5.82|5,606
7253|HANDAL|0.335|0.335|0.360|+0.025|+7.46|8,708
3034|HAPSENG|9.880|9.870|9.880|0.000|0.00|1,845
3034CX|HAPSENG-CX|0.040|0.000|0.000|0.000|0.00|0
2062|HARBOUR|0.695|0.680|0.695|0.000|0.00|355
2062WC|HARBOUR-WC|0.070|0.000|0.000|0.000|0.00|0
5008|HARISON|3.800|0.000|0.000|0.000|0.00|0
7501|HARNLEN|0.695|0.655|0.660|-0.035|-5.04|241
5168|HARTA|4.710|4.710|4.570|-0.140|-2.97|80,277
516811|HARTA-C11|0.005|0.000|0.000|0.000|0.00|0
516815|HARTA-C15|0.020|0.000|0.000|0.000|0.00|0
516816|HARTA-C16|0.010|0.000|0.000|0.000|0.00|0
516817|HARTA-C17|0.005|0.000|0.000|0.000|0.00|0
516818|HARTA-C18|0.005|0.005|0.005|0.000|0.00|4,140
516819|HARTA-C19|0.055|0.000|0.000|0.000|0.00|0
516820|HARTA-C20|0.060|0.055|0.055|-0.005|-8.33|4,400
516821|HARTA-C21|0.065|0.000|0.000|0.000|0.00|0
516822|HARTA-C22|0.055|0.050|0.050|-0.005|-9.09|10,201
5187|HBGLOB|0.115|0.110|0.115|0.000|0.00|3,986
7105|HCK|1.250|0.000|0.000|0.000|0.00|0
7105WA|HCK-WA|0.295|0.000|0.000|0.000|0.00|0
3255|HEIM|22.900|22.900|22.700|-0.200|-0.87|1,278
5121|HEKTAR|1.130|1.140|1.140|+0.010|+0.88|3,668
4324|HENGYUAN|6.200|6.230|6.260|+0.060|+0.97|7,901
4324C1|HENGYUAN-C1|0.020|0.000|0.000|0.000|0.00|0
4324C2|HENGYUAN-C2|0.010|0.000|0.000|0.000|0.00|0
4324C4|HENGYUAN-C4|0.030|0.000|0.000|0.000|0.00|0
4324C5|HENGYUAN-C5|0.035|0.000|0.000|0.000|0.00|0
4324C6|HENGYUAN-C6|0.060|0.065|0.065|+0.005|+8.33|1,000
4324C7|HENGYUAN-C7|0.215|0.215|0.220|+0.005|+2.33|5,461
4324C8|HENGYUAN-C8|0.130|0.125|0.135|+0.005|+3.85|1,420
4324CZ|HENGYUAN-CZ|0.030|0.035|0.035|+0.005|+16.67|200
5095|HEVEA|0.645|0.650|0.660|+0.015|+2.33|11,552
5095WB|HEVEA-WB|0.470|0.450|0.450|-0.020|-4.26|200
3298|HEXZA|0.700|0.690|0.700|0.000|0.00|485
0175|HHGROUP|0.125|0.120|0.130|+0.005|+4.00|1,385
0160|HHHCORP|0.100|0.095|0.095|-0.005|-5.00|200
5072|HIAPTEK|0.295|0.295|0.295|0.000|0.00|16,370
5072LA|HIAPTEK-LA|0.300|0.000|0.000|0.000|0.00|0
5072WB|HIAPTEK-WB|0.085|0.085|0.080|-0.005|-5.88|5,540
5199|HIBISCS|1.020|1.020|1.020|0.000|0.00|397,013
5199CK|HIBISCS-CK|0.005|0.000|0.000|0.000|0.00|0
5199CM|HIBISCS-CM|0.085|0.080|0.085|0.000|0.00|2,000
5199CN|HIBISCS-CN|0.070|0.075|0.065|-0.005|-7.14|20,600
5199CO|HIBISCS-CO|0.075|0.075|0.075|0.000|0.00|100
5199CP|HIBISCS-CP|0.050|0.000|0.000|0.000|0.00|0
5199CQ|HIBISCS-CQ|0.120|0.115|0.115|-0.005|-4.17|22,600
5199CR|HIBISCS-CR|0.105|0.105|0.105|0.000|0.00|24,173
5199CS|HIBISCS-CS|0.110|0.000|0.000|0.000|0.00|0
5199CT|HIBISCS-CT|0.145|0.000|0.000|0.000|0.00|0
5199CU|HIBISCS-CU|0.085|0.085|0.085|0.000|0.00|26,100
5199CV|HIBISCS-CV|0.075|0.075|0.080|+0.005|+6.67|400
5199CW|HIBISCS-CW|0.085|0.000|0.000|0.000|0.00|0
5199WC|HIBISCS-WC|0.455|0.455|0.460|+0.005|+1.10|97,076
7033|HIGHTEC|1.280|0.000|0.000|0.000|0.00|0
8443|HIL|0.555|0.555|0.550|-0.005|-0.90|1,191
8443WB|HIL-WB|0.185|0.190|0.190|+0.005|+2.70|12
0505CF|HKEX-CF|0.425|0.000|0.000|0.000|0.00|0
5819|HLBANK|20.660|20.580|20.760|+0.100|+0.48|6,903
5819CN|HLBANK-CN|0.045|0.000|0.000|0.000|0.00|0
5819CO|HLBANK-CO|0.125|0.000|0.000|0.000|0.00|0
5274|HLCAP|9.600|0.000|0.000|0.000|0.00|0
1082|HLFG|19.400|19.200|19.300|-0.100|-0.52|2,541
3301|HLIND|9.960|9.970|9.930|-0.030|-0.30|57
0188|HLT|0.140|0.130|0.130|-0.010|-7.14|225
0188WA|HLT-WA|0.065|0.040|0.060|-0.005|-7.69|113
5169|HOHUP|0.410|0.410|0.440|+0.030|+7.32|29,148
5165|HOKHENG|0.535|0.550|0.545|+0.010|+1.87|300
5160|HOMERIZ|0.620|0.620|0.620|0.000|0.00|285
5160WA|HOMERIZ-WA|0.065|0.000|0.000|0.000|0.00|0
7010|HOOVER|0.600|0.000|0.000|0.000|0.00|0
06513U|HSI-C3U|0.045|0.000|0.000|0.000|0.00|0
06513V|HSI-C3V|0.110|0.105|0.085|-0.025|-22.73|239,391
06513W|HSI-C3W|0.415|0.420|0.380|-0.035|-8.43|185,026
06513X|HSI-C3X|0.960|0.925|0.905|-0.055|-5.73|980
06513Y|HSI-C3Y|0.110|0.085|0.085|-0.025|-22.73|48
06513Z|HSI-C3Z|0.190|0.180|0.175|-0.015|-7.89|75,363
06515A|HSI-C5A|0.420|0.410|0.385|-0.035|-8.33|102,881
06515B|HSI-C5B|0.745|0.725|0.710|-0.035|-4.70|37,975
06515C|HSI-C5C|0.220|0.220|0.210|-0.010|-4.55|28,798
06515D|HSI-C5D|0.360|0.360|0.340|-0.020|-5.56|78,252
06515E|HSI-C5E|0.680|0.655|0.645|-0.035|-5.15|60,768
06515F|HSI-C5F|1.030|0.980|0.995|-0.035|-3.40|200
06515G|HSI-C5G|0.550|0.550|0.530|-0.020|-3.64|4,285
06515H|HSI-C5H|0.850|0.815|0.825|-0.025|-2.94|1,500
06515I|HSI-C5I|1.190|0.000|0.000|0.000|0.00|0
06515J|HSI-C5J|0.695|0.675|0.660|-0.035|-5.04|34,139
06515K|HSI-C5K|1.050|1.030|1.030|-0.020|-1.90|100
06515L|HSI-C5L|1.380|1.400|1.400|+0.020|+1.45|10
06515M|HSI-C5M|1.910|1.880|1.880|-0.030|-1.57|50
06514V|HSI-H4V|0.005|0.005|0.005|0.000|0.00|14,802
06514W|HSI-H4W|0.005|0.005|0.005|0.000|0.00|12,026
06514X|HSI-H4X|0.010|0.010|0.010|0.000|0.00|13,985
06514Y|HSI-H4Y|0.050|0.045|0.045|-0.005|-10.00|18,894
06514Z|HSI-H4Z|0.015|0.015|0.015|0.000|0.00|215
06516A|HSI-H6A|0.030|0.030|0.030|0.000|0.00|7,550
06516B|HSI-H6B|0.065|0.080|0.065|0.000|0.00|510
06516C|HSI-H6C|0.120|0.120|0.115|-0.005|-4.17|84,659
06516D|HSI-H6D|0.120|0.000|0.000|0.000|0.00|0
06516E|HSI-H6E|0.145|0.145|0.150|+0.005|+3.45|4,746
06516F|HSI-H6F|0.270|0.275|0.275|+0.005|+1.85|296,473
06516G|HSI-H6G|0.475|0.475|0.480|+0.005|+1.05|300,076
06516H|HSI-H6H|0.130|0.130|0.115|-0.015|-11.54|1,034
06516I|HSI-H6I|0.180|0.000|0.000|0.000|0.00|0
06516J|HSI-H6J|0.275|0.280|0.285|+0.010|+3.64|9,316
06516K|HSI-H6K|0.090|0.100|0.100|+0.010|+11.11|200
06516L|HSI-H6L|0.155|0.000|0.000|0.000|0.00|0
06516M|HSI-H6M|0.185|0.190|0.195|+0.010|+5.41|5,120
06516N|HSI-H6N|0.305|0.305|0.315|+0.010|+3.28|2,591
6238|HSL|1.410|1.410|1.410|0.000|0.00|470
5138|HSPLANT|1.800|0.000|0.000|0.000|0.00|0
0185|HSSEB|1.140|1.160|1.180|+0.040|+3.51|20,575
0185WA|HSSEB-WA|0.220|0.225|0.235|+0.015|+6.82|4,256
5028|HTPADU|0.705|0.705|0.700|-0.005|-0.71|3,470
2739|HUAAN|0.220|0.220|0.220|0.000|0.00|372,942
5062|HUAYANG|0.410|0.405|0.410|0.000|0.00|7,233
7013|HUBLINE|0.060|0.055|0.060|0.000|0.00|6,158
7013WA|HUBLINE-WA|0.005|0.000|0.000|0.000|0.00|0
7013WB|HUBLINE-WB|0.005|0.010|0.010|+0.005|+100.00|1,000
7013WC|HUBLINE-WC|0.020|0.000|0.000|0.000|0.00|0
5000|HUMEIND|0.750|0.750|0.730|-0.020|-2.67|12,260
5024|HUPSENG|1.020|1.020|1.020|0.000|0.00|1,760
8478|HWATAI|0.300|0.305|0.320|+0.020|+6.67|2,159
9601|HWGB|0.100|0.105|0.105|+0.005|+5.00|3,336
9601WD|HWGB-WD|0.030|0.000|0.000|0.000|0.00|0
4251|IBHD|0.430|0.430|0.430|0.000|0.00|385
4251LB|IBHD-LB|0.315|0.310|0.310|-0.005|-1.59|150
4251WA|IBHD-WA|0.010|0.000|0.000|0.000|0.00|0
5084|IBRACO|0.705|0.700|0.700|-0.005|-0.71|150
5108|ICAP|2.400|2.430|2.400|0.000|0.00|349
0502CF|ICBC-CF|0.100|0.000|0.000|0.000|0.00|0
5255|ICON|0.090|0.090|0.100|+0.010|+11.11|255,640
9687|IDEAL|1.140|1.140|1.120|-0.020|-1.75|1,793
9687WB|IDEAL-WB|0.375|0.370|0.370|-0.005|-1.33|233
0174|IDMENSN|0.030|0.025|0.025|-0.005|-16.67|500
0174WA|IDMENSN-WA|0.005|0.000|0.000|0.000|0.00|0
0023|IFCAMSC|0.450|0.450|0.445|-0.005|-1.11|205,374
5606|IGBB|2.520|2.520|2.520|0.000|0.00|500
5606PA|IGBB-PA|1.120|0.000|0.000|0.000|0.00|0
5606PB|IGBB-PB|3.200|0.000|0.000|0.000|0.00|0
5227|IGBREIT|1.770|1.770|1.750|-0.020|-1.13|13,461
5225|IHH|5.850|5.830|5.910|+0.060|+1.03|68,453
522510|IHH-C10|0.130|0.135|0.135|+0.005|+3.85|1,800
5225C7|IHH-C7|0.050|0.000|0.000|0.000|0.00|0
5225C8|IHH-C8|0.125|0.000|0.000|0.000|0.00|0
5225C9|IHH-C9|0.095|0.000|0.000|0.000|0.00|0
0401GA|IHS046000824|96.000|0.000|0.000|0.000|0.00|0
3336|IJM|1.960|1.960|1.980|+0.020|+1.02|29,092
333620|IJM-C20|0.070|0.000|0.000|0.000|0.00|0
333621|IJM-C21|0.070|0.070|0.065|-0.005|-7.14|8
333622|IJM-C22|0.005|0.000|0.000|0.000|0.00|0
333624|IJM-C24|0.140|0.135|0.135|-0.005|-3.57|200
333625|IJM-C25|0.155|0.000|0.000|0.000|0.00|0
2216|IJMPLNT|1.670|1.670|1.660|-0.010|-0.60|30
5268|IKHMAS|0.145|0.140|0.140|-0.005|-3.45|12,782
5614|ILB|0.440|0.440|0.440|0.000|0.00|63
7222|IMASPRO|2.230|2.220|2.230|0.000|0.00|6,880
0166|INARI|1.570|1.570|1.550|-0.020|-1.27|79,290
016621|INARI-C21|0.005|0.000|0.000|0.000|0.00|0
016622|INARI-C22|0.005|0.000|0.000|0.000|0.00|0
016623|INARI-C23|0.005|0.000|0.000|0.000|0.00|0
016624|INARI-C24|0.005|0.000|0.000|0.000|0.00|0
016625|INARI-C25|0.005|0.000|0.000|0.000|0.00|0
016626|INARI-C26|0.055|0.045|0.040|-0.015|-27.27|604
016627|INARI-C27|0.040|0.040|0.035|-0.005|-12.50|3,300
016628|INARI-C28|0.040|0.035|0.030|-0.010|-25.00|10,298
016629|INARI-C29|0.080|0.070|0.070|-0.010|-12.50|1,000
016630|INARI-C30|0.065|0.000|0.000|0.000|0.00|0
016631|INARI-C31|0.135|0.125|0.115|-0.020|-14.81|16,916
016632|INARI-C32|0.140|0.135|0.125|-0.015|-10.71|13,468
016633|INARI-C33|0.275|0.000|0.000|0.000|0.00|0
016634|INARI-C34|0.090|0.090|0.080|-0.010|-11.11|10,795
016635|INARI-C35|0.075|0.070|0.060|-0.015|-20.00|3,700
016636|INARI-C36|0.085|0.085|0.075|-0.010|-11.76|1,412
016637|INARI-C37|0.115|0.000|0.000|0.000|0.00|0
0166WB|INARI-WB|1.060|1.020|1.030|-0.030|-2.83|1,262
2607|INCKEN|0.620|0.620|0.620|0.000|0.00|610
0094|INIX|0.055|0.055|0.055|0.000|0.00|40,593
0094WA|INIX-WA|0.025|0.025|0.025|0.000|0.00|3,200
0147|INNITY|0.560|0.545|0.575|+0.015|+2.68|417
6262|INNO|0.730|0.000|0.000|0.000|0.00|0
3379|INSAS|0.785|0.785|0.785|0.000|0.00|3,284
3379PA|INSAS-PA|0.980|0.980|0.980|0.000|0.00|36
3379WB|INSAS-WB|0.090|0.080|0.085|-0.005|-5.56|1,554
0192|INTA|0.275|0.270|0.280|+0.005|+1.82|1,754
1961|IOICORP|4.510|4.480|4.490|-0.020|-0.44|6,567
196119|IOICORP-C19|0.055|0.065|0.050|-0.005|-9.09|4
5249|IOIPG|1.490|1.490|1.470|-0.020|-1.34|3,244
5249CU|IOIPG-CU|0.045|0.000|0.000|0.000|0.00|0
5249CV|IOIPG-CV|0.195|0.170|0.170|-0.025|-12.82|2,000
5673|IPMUDA|0.500|0.000|0.000|0.000|0.00|0
5107|IQGROUP|1.160|1.230|1.150|-0.010|-0.86|411
8834|IREKA|0.570|0.515|0.560|-0.010|-1.75|110
8834WB|IREKA-WB|0.005|0.000|0.000|0.000|0.00|0
7183|IRETEX|0.130|0.130|0.135|+0.005|+3.85|10,830
7183LA|IRETEX-LA|0.015|0.015|0.015|0.000|0.00|1,000
7183WA|IRETEX-WA|0.005|0.000|0.000|0.000|0.00|0
0010|IRIS|0.135|0.135|0.140|+0.005|+3.70|120,637
9393|ITRONIC|0.095|0.100|0.100|+0.005|+5.26|2,000
5175|IVORY|0.215|0.215|0.215|0.000|0.00|2,450
1589|IWCITY|0.735|0.730|0.715|-0.020|-2.72|87,165
7223|JADI|0.035|0.035|0.035|0.000|0.00|220
0024|JAG|0.050|0.050|0.050|0.000|0.00|3,224
0024WA|JAG-WA|0.005|0.005|0.005|0.000|0.00|4,000
0024WB|JAG-WB|0.010|0.010|0.010|0.000|0.00|8,281
4723|JAKS|0.780|0.785|0.790|+0.010|+1.28|97,241
4723WB|JAKS-WB|0.475|0.475|0.500|+0.025|+5.26|15,921
8648|JASKITA|0.115|0.000|0.000|0.000|0.00|0
7152|JAYCORP|0.870|0.860|0.870|0.000|0.00|820
0058|JCBNEXT|1.500|1.520|1.520|+0.020|+1.33|731
5161|JCY|0.210|0.235|0.230|+0.020|+9.52|414,870
8931|JERASIA|0.375|0.385|0.375|0.000|0.00|960
9083|JETSON|0.185|0.000|0.000|0.000|0.00|0
0146|JFTECH|0.755|0.760|0.755|0.000|0.00|158
0127|JHM|1.130|1.140|1.130|0.000|0.00|15,385
8923|JIANKUN|0.325|0.000|0.000|0.000|0.00|0
8923WA|JIANKUN-WA|0.075|0.000|0.000|0.000|0.00|0
6769|JKGLAND|0.075|0.000|0.000|0.000|0.00|0
03003|JMEDU|0.535|0.000|0.000|0.000|0.00|0
7043|JMR|0.950|0.000|0.000|0.000|0.00|0
3441|JOHAN|0.085|0.085|0.085|0.000|0.00|659
7167|JOHOTIN|1.410|1.400|1.410|0.000|0.00|15,189
4383|JTIASA|0.560|0.555|0.560|0.000|0.00|2,826
0111|K1|0.235|0.235|0.235|0.000|0.00|19,451
0111WC|K1-WC|0.105|0.105|0.105|0.000|0.00|17,225
0193|KAB|0.215|0.210|0.215|0.000|0.00|14,568
8672|KAMDAR|0.290|0.000|0.000|0.000|0.00|0
0170|KANGER|0.045|0.045|0.045|0.000|0.00|3,157
0170WA|KANGER-WA|0.020|0.015|0.020|0.000|0.00|411
5247|KAREX|0.425|0.425|0.455|+0.030|+7.06|199,638
0054|KARYON|0.130|0.130|0.130|0.000|0.00|3,404
7216|KAWAN|1.750|1.750|1.750|0.000|0.00|236
3115|KBUNAI|0.085|0.085|0.085|0.000|0.00|28,323
3115WC|KBUNAI-WC|0.020|0.020|0.020|0.000|0.00|6,200
7199|KEINHIN|0.625|0.000|0.000|0.000|0.00|0
7323|KEN|0.675|0.000|0.000|0.000|0.00|0
6483|KENANGA|0.535|0.540|0.525|-0.010|-1.87|847
7161|KERJAYA|1.260|1.260|1.260|0.000|0.00|437
7161CJ|KERJAYA-CJ|0.020|0.000|0.000|0.000|0.00|0
7161WB|KERJAYA-WB|0.180|0.185|0.190|+0.010|+5.56|1,014
9334|KESM|9.430|8.000|8.680|-0.750|-7.95|3,756
0143|KEYASIC|0.105|0.105|0.110|+0.005|+4.76|79,746
6491|KFIMA|1.660|1.660|1.660|0.000|0.00|290
8303|KFM|0.200|0.180|0.200|0.000|0.00|1,170
0151|KGB|1.250|1.250|1.260|+0.010|+0.80|8,414
0151WA|KGB-WA|0.735|0.730|0.745|+0.010|+1.36|4,270
0036|KGROUP|0.045|0.040|0.040|-0.005|-11.11|10
0036WB|KGROUP-WB|0.010|0.010|0.005|-0.005|-50.00|12,375
6203|KHEESAN|0.650|0.000|0.000|0.000|0.00|0
7062|KHIND|1.730|0.000|0.000|0.000|0.00|0
6211|KIALIM|0.220|0.225|0.225|+0.005|+2.27|100
3522|KIANJOO|3.090|3.090|3.090|0.000|0.00|6,955
5371|KIMHIN|1.200|0.000|0.000|0.000|0.00|0
5171|KIMLUN|1.240|1.210|1.220|-0.020|-1.61|463
5171WA|KIMLUN-WA|0.330|0.000|0.000|0.000|0.00|0
5060|KINSTEL|0.005|0.000|0.000|0.000|0.00|0
5280|KIPREIT|0.855|0.855|0.850|-0.005|-0.58|671
9466|KKB|1.180|1.190|1.220|+0.040|+3.39|3,127
5235SS|KLCC|7.770|7.780|7.780|+0.010|+0.13|6,037
2445|KLK|24.800|25.000|24.900|+0.100|+0.40|808
2445C2|KLK-C2|0.140|0.000|0.000|0.000|0.00|0
2453|KLUANG|3.580|3.580|3.530|-0.050|-1.40|299
5027|KMLOONG|1.300|1.290|1.290|-0.010|-0.77|210
5027WB|KMLOONG-WB|0.270|0.245|0.245|-0.025|-9.26|4
7164|KNM|0.105|0.105|0.115|+0.010|+9.52|1,216,992
7164WB|KNM-WB|0.015|0.015|0.020|+0.005|+33.33|15,299
5035|KNUSFOR|0.470|0.000|0.000|0.000|0.00|0
6971|KOBAY|1.380|1.370|1.360|-0.020|-1.45|375
7017|KOMARK|0.205|0.210|0.195|-0.010|-4.88|61,850
7017WB|KOMARK-WB|0.030|0.030|0.025|-0.005|-16.67|6,590
7153|KOSSAN|3.670|3.670|3.580|-0.090|-2.45|8,743
7153CY|KOSSAN-CY|0.005|0.000|0.000|0.000|0.00|0
7153CZ|KOSSAN-CZ|0.150|0.000|0.000|0.000|0.00|0
0002|KOTRA|1.780|1.730|1.730|-0.050|-2.81|28
5878|KPJ|1.040|1.040|1.020|-0.020|-1.92|42,956
5878CR|KPJ-CR|0.020|0.000|0.000|0.000|0.00|0
5878CS|KPJ-CS|0.030|0.000|0.000|0.000|0.00|0
7130|KPOWER|0.400|0.000|0.000|0.000|0.00|0
5843|KPS|1.340|1.340|1.320|-0.020|-1.49|5,382
9121|KPSCB|0.495|0.000|0.000|0.000|0.00|0
1996|KRETAM|0.400|0.390|0.395|-0.005|-1.25|1,938
0176|KRONO|0.615|0.615|0.610|-0.005|-0.81|31,931
3476|KSENG|4.750|4.760|4.750|0.000|0.00|1,213
5038|KSL|0.945|0.945|0.940|-0.005|-0.53|8,195
5192|KSSC|0.560|0.555|0.540|-0.020|-3.57|10,457
5172|KSTAR|0.080|0.075|0.095|+0.015|+18.75|500
5172WA|KSTAR-WA|0.005|0.005|0.010|+0.005|+100.00|4,112
4847|KTB|0.065|0.065|0.070|+0.005|+7.69|2,824
0180|KTC|0.180|0.175|0.180|0.000|0.00|6,725
6874|KUB|0.420|0.420|0.425|+0.005|+1.19|25,337
2186|KUCHAI|1.600|1.600|1.600|0.000|0.00|477
6572|KWANTAS|0.830|0.000|0.000|0.000|0.00|0
8362|KYM|0.320|0.000|0.000|0.000|0.00|0
3174|L&G|0.150|0.150|0.150|0.000|0.00|7,638
3794|LAFMSIA|2.270|2.280|2.260|-0.010|-0.44|4,787
0018|LAMBO|0.150|0.145|0.150|0.000|0.00|9,791
1643|LANDMRK|0.475|0.475|0.480|+0.005|+1.05|1,258
7006|LATITUD|4.050|4.070|4.050|0.000|0.00|130
9385|LAYHONG|0.435|0.435|0.430|-0.005|-1.15|47,230
9385WA|LAYHONG-WA|0.190|0.190|0.180|-0.010|-5.26|19,244
9326|LBALUM|0.495|0.480|0.490|-0.005|-1.01|170
8494|LBICAP|0.850|0.850|0.860|+0.010|+1.18|211
5789|LBS|0.660|0.660|0.660|0.000|0.00|8,921
5789PA|LBS-PA|0.840|0.000|0.000|0.000|0.00|0
5789WB|LBS-WB|0.250|0.000|0.000|0.000|0.00|0
5284|LCTITAN|4.330|4.360|4.340|+0.010|+0.23|2,391
9628|LEBTECH|0.855|0.000|0.000|0.000|0.00|0
8079|LEESK|0.945|0.940|0.935|-0.010|-1.06|110
5232|LEONFB|0.490|0.495|0.500|+0.010|+2.04|545
8745|LEWEKO|0.140|0.140|0.140|0.000|0.00|768
8745WB|LEWEKO-WB|0.055|0.000|0.000|0.000|0.00|0
7170|LFECORP|0.105|0.105|0.105|0.000|0.00|465
3573|LIENHOE|0.280|0.275|0.275|-0.005|-1.79|108
7089|LIIHEN|2.760|2.700|2.720|-0.040|-1.45|2,134
8486|LIONFIB|0.435|0.435|0.425|-0.010|-2.30|302
4235|LIONIND|0.565|0.565|0.550|-0.015|-2.65|57,591
6645|LITRAK|4.340|4.400|4.450|+0.110|+2.53|818
0182|LKL|0.105|0.105|0.105|0.000|0.00|50
7126|LONBISC|0.430|0.430|0.420|-0.010|-2.33|38,559
7126WA|LONBISC-WA|0.045|0.000|0.000|0.000|0.00|0
8621|LPI|16.100|16.100|16.100|0.000|0.00|225
9881|LSTEEL|0.285|0.285|0.285|0.000|0.00|1,050
7085|LTKM|1.200|1.200|1.240|+0.040|+3.33|437
5068|LUSTER|0.080|0.075|0.075|-0.005|-6.25|790
5068WA|LUSTER-WA|0.030|0.000|0.000|0.000|0.00|0
5068WB|LUSTER-WB|0.035|0.030|0.030|-0.005|-14.29|16,000
5143|LUXCHEM|0.545|0.545|0.535|-0.010|-1.83|7,940
0075|LYC|0.325|0.335|0.330|+0.005|+1.54|160
9199|LYSAGHT|2.620|2.550|2.650|+0.030|+1.15|23
5078|M&G|0.080|0.085|0.100|+0.020|+25.00|17,178
0017|M3TECH|0.045|0.045|0.045|0.000|0.00|7,650
0017WA|M3TECH-WA|0.005|0.000|0.000|0.000|0.00|0
1198|MAA|1.010|1.020|1.010|0.000|0.00|3,252
7617|MAGNA|0.880|0.870|0.880|0.000|0.00|1,001
7617WB|MAGNA-WB|0.200|0.180|0.190|-0.010|-5.00|502
7087|MAGNI|4.600|4.600|4.550|-0.050|-1.09|290
3859|MAGNUM|2.360|2.370|2.450|+0.090|+3.81|30,165
8583|MAHSING|0.915|0.920|0.920|+0.005|+0.55|6,480
858317|MAHSING-C17|0.040|0.000|0.000|0.000|0.00|0
858318|MAHSING-C18|0.030|0.000|0.000|0.000|0.00|0
858319|MAHSING-C19|0.030|0.000|0.000|0.000|0.00|0
8583WC|MAHSING-WC|0.020|0.015|0.015|-0.005|-25.00|406
5264|MALAKOF|0.895|0.895|0.890|-0.005|-0.56|29,162
526412|MALAKOFC12|0.005|0.000|0.000|0.000|0.00|0
526413|MALAKOFC13|0.005|0.000|0.000|0.000|0.00|0
526414|MALAKOFC14|0.005|0.000|0.000|0.000|0.00|0
526415|MALAKOFC15|0.025|0.025|0.025|0.000|0.00|3,915
526416|MALAKOFC16|0.010|0.010|0.010|0.000|0.00|1,000
526417|MALAKOFC17|0.090|0.000|0.000|0.000|0.00|0
526418|MALAKOFC18|0.055|0.050|0.050|-0.005|-9.09|29,097
526419|MALAKOFC19|0.110|0.110|0.115|+0.005|+4.55|16,700
526420|MALAKOFC20|0.085|0.085|0.085|0.000|0.00|800
526421|MALAKOFC21|0.070|0.070|0.065|-0.005|-7.14|900
4936|MALPAC|0.850|0.000|0.000|0.000|0.00|0
6181|MALTON|0.530|0.530|0.520|-0.010|-1.89|20,087
1058|MANULFE|2.550|0.000|0.000|0.000|0.00|0
3514|MARCO|0.125|0.125|0.125|0.000|0.00|4,240
5098|MASTEEL|0.510|0.510|0.490|-0.020|-3.92|39,921
7029|MASTER|0.715|0.715|0.740|+0.025|+3.50|8,343
0189|MATANG|0.070|0.075|0.070|0.000|0.00|3,100
5236|MATRIX|1.950|1.950|1.950|0.000|0.00|2,189
5236WA|MATRIX-WA|0.130|0.130|0.135|+0.005|+3.85|1,117
6012|MAXIS|5.350|5.320|5.330|-0.020|-0.37|22,062
601210|MAXIS-C10|0.065|0.065|0.055|-0.010|-15.38|4
6012C8|MAXIS-C8|0.065|0.000|0.000|0.000|0.00|0
6012C9|MAXIS-C9|0.045|0.000|0.000|0.000|0.00|0
5189|MAXWELL|0.010|0.000|0.000|0.000|0.00|0
5189WA|MAXWELL-WA|0.005|0.000|0.000|0.000|0.00|0
1155|MAYBANK|9.490|9.490|9.550|+0.060|+0.63|90,088
115543|MAYBANKC43|0.080|0.000|0.000|0.000|0.00|0
115544|MAYBANKC44|0.005|0.005|0.005|0.000|0.00|2,000
115545|MAYBANKC45|0.020|0.000|0.000|0.000|0.00|0
115546|MAYBANKC46|0.010|0.000|0.000|0.000|0.00|0
115547|MAYBANKC47|0.035|0.000|0.000|0.000|0.00|0
115548|MAYBANKC48|0.030|0.000|0.000|0.000|0.00|0
115549|MAYBANKC49|0.110|0.110|0.110|0.000|0.00|1,100
115550|MAYBANKC50|0.105|0.000|0.000|0.000|0.00|0
115551|MAYBANKC51|0.110|0.000|0.000|0.000|0.00|0
115552|MAYBANKC52|0.050|0.050|0.045|-0.005|-10.00|2,194
115553|MAYBANKC53|0.150|0.000|0.000|0.000|0.00|0
5077|MAYBULK|0.600|0.595|0.595|-0.005|-0.83|2,303
5886|MBG|0.800|0.000|0.000|0.000|0.00|0
5152|MBL|1.180|1.100|1.160|-0.020|-1.69|2,201
5152WA|MBL-WA|0.380|0.000|0.000|0.000|0.00|0
5983|MBMR|2.670|2.700|2.830|+0.160|+5.99|9,234
1171|MBSB|0.980|0.985|0.970|-0.010|-1.02|54,950
117115|MBSB-C15|0.010|0.000|0.000|0.000|0.00|0
117116|MBSB-C16|0.060|0.000|0.000|0.000|0.00|0
117117|MBSB-C17|0.045|0.045|0.040|-0.005|-11.11|8,895
117118|MBSB-C18|0.055|0.000|0.000|0.000|0.00|0
117119|MBSB-C19|0.060|0.050|0.045|-0.015|-25.00|2
117120|MBSB-C20|0.025|0.000|0.000|0.000|0.00|0
117121|MBSB-C21|0.150|0.000|0.000|0.000|0.00|0
7189|MBWORLD|1.630|0.000|0.000|0.000|0.00|0
7004|MCEHLDG|0.570|0.580|0.620|+0.050|+8.77|104
0167|MCLEAN|0.090|0.000|0.000|0.000|0.00|0
0167WB|MCLEAN-WB|0.015|0.000|0.000|0.000|0.00|0
5182|MCT|0.665|0.625|0.660|-0.005|-0.75|520
5040|MEDAINC|0.300|0.295|0.295|-0.005|-1.67|1,010
5040WA|MEDAINC-WA|0.095|0.000|0.000|0.000|0.00|0
5040WB|MEDAINC-WB|0.025|0.000|0.000|0.000|0.00|0
5040WC|MEDAINC-WC|0.025|0.000|0.000|0.000|0.00|0
4502|MEDIA|0.515|0.520|0.525|+0.010|+1.94|20,288
5090|MEDIAC|0.225|0.225|0.225|0.000|0.00|7,760
0081|MEGASUN|0.150|0.140|0.140|-0.010|-6.67|600
0081WA|MEGASUN-WA|0.040|0.040|0.035|-0.005|-12.50|895
5129|MELATI|0.470|0.000|0.000|0.000|0.00|0
3778|MELEWAR|0.130|0.130|0.135|+0.005|+3.85|2,726
3778WB|MELEWAR-WB|0.045|0.000|0.000|0.000|0.00|0
1694|MENANG|0.395|0.390|0.395|0.000|0.00|200
1694WB|MENANG-WB|0.010|0.005|0.005|-0.005|-50.00|6,350
0577C2|MENGNIU-C2|0.180|0.000|0.000|0.000|0.00|0
5223|MENTIGA|0.470|0.470|0.635|+0.165|+35.11|1,723
8192|MERCURY|0.850|0.830|0.830|-0.020|-2.35|30
5006|MERGE|1.290|1.300|1.450|+0.160|+12.40|4,212
7234|MESB|0.320|0.300|0.300|-0.020|-6.25|1,355
7234WA|MESB-WA|0.100|0.105|0.105|+0.005|+5.00|305
0826EA|METFAPA|1.040|0.000|0.000|0.000|0.00|0
0825EA|METFSID|0.806|0.000|0.000|0.000|0.00|0
0827EA|METFUS50|1.065|0.000|0.000|0.000|0.00|0
6149|METROD|1.700|0.000|0.000|0.000|0.00|0
3069|MFCB|3.800|3.800|3.900|+0.100|+2.63|3,967
3069WA|MFCB-WA|1.570|1.630|1.730|+0.160|+10.19|617
03015|MFGROUP|0.220|0.000|0.000|0.000|0.00|0
3662|MFLOUR|0.780|0.785|0.765|-0.015|-1.92|196,353
3662LA|MFLOUR-LA|1.500|1.500|1.490|-0.010|-0.67|1,604
3662WC|MFLOUR-WC|0.405|0.420|0.395|-0.010|-2.47|129,182
7595|MGB|0.750|0.755|0.750|0.000|0.00|32
7595WA|MGB-WA|0.250|0.000|0.000|0.000|0.00|0
0155|MGRC|0.300|0.000|0.000|0.000|0.00|0
5186|MHB|0.770|0.770|0.810|+0.040|+5.19|14,808
518613|MHB-C13|0.030|0.020|0.020|-0.010|-33.33|1,820
5026|MHC|0.595|0.595|0.590|-0.005|-0.84|450
03005|MHCARE|0.540|0.500|0.520|-0.020|-3.70|100
5286|MI|2.240|2.240|2.220|-0.020|-0.89|1,611
5286CA|MI-CA|0.090|0.000|0.000|0.000|0.00|0
5286CB|MI-CB|0.035|0.000|0.000|0.000|0.00|0
5286CC|MI-CC|0.065|0.055|0.055|-0.010|-15.38|4,800
5286CD|MI-CD|0.135|0.000|0.000|0.000|0.00|0
5286CE|MI-CE|0.150|0.000|0.000|0.000|0.00|0
5286CF|MI-CF|0.125|0.000|0.000|0.000|0.00|0
0126|MICROLN|0.425|0.000|0.000|0.000|0.00|0
5001|MIECO|0.290|0.290|0.290|0.000|0.00|3,080
0112|MIKROMB|0.255|0.255|0.250|-0.005|-1.96|1,607
7935|MILUX|0.680|0.000|0.000|0.000|0.00|0
5166|MINDA|0.050|0.050|0.055|+0.005|+10.00|6,907
7219|MINETEC|0.055|0.050|0.055|0.000|0.00|570
7219WA|MINETEC-WA|0.005|0.000|0.000|0.000|0.00|0
5576|MINHO|0.300|0.300|0.305|+0.005|+1.67|5,908
5576WC|MINHO-WC|0.060|0.065|0.060|0.000|0.00|2,953
3816|MISC|6.710|6.710|6.720|+0.010|+0.15|4,758
381619|MISC-C19|0.160|0.000|0.000|0.000|0.00|0
381620|MISC-C20|0.095|0.000|0.000|0.000|0.00|0
381621|MISC-C21|0.160|0.000|0.000|0.000|0.00|0
9571|MITRA|0.415|0.410|0.410|-0.005|-1.20|164,604
9571WD|MITRA-WD|0.050|0.050|0.050|0.000|0.00|14,039
9571WE|MITRA-WE|0.100|0.100|0.095|-0.005|-5.00|1,741
8141|MJPERAK|0.205|0.205|0.210|+0.005|+2.44|3,542
6114|MKH|1.310|1.320|1.320|+0.010|+0.76|1,127
8893|MKLAND|0.190|0.190|0.195|+0.005|+2.63|1,661
0085|MLAB|0.040|0.040|0.040|0.000|0.00|2,324
0085WA|MLAB-WA|0.010|0.000|0.000|0.000|0.00|0
0085WB|MLAB-WB|0.005|0.005|0.005|0.000|0.00|500
0034|MMAG|0.225|0.225|0.225|0.000|0.00|500
0034PA|MMAG-PA|0.090|0.000|0.000|0.000|0.00|0
0034WB|MMAG-WB|0.065|0.060|0.060|-0.005|-7.69|100
2194|MMCCORP|1.160|1.160|1.150|-0.010|-0.86|18,596
0113|MMSV|0.950|0.935|0.945|-0.005|-0.53|468
0103|MNC|0.040|0.040|0.040|0.000|0.00|680
0103WA|MNC-WA|0.010|0.005|0.005|-0.005|-50.00|1,000
6459|MNRB|1.020|1.020|1.010|-0.010|-0.98|8,183
0156|MPAY|0.125|0.125|0.120|-0.005|-4.00|3,250
6548|MPCORP|0.045|0.000|0.000|0.000|0.00|0
5237|MPHBCAP|1.080|1.080|1.090|+0.010|+0.93|1,010
3867|MPI|9.840|9.800|9.950|+0.110|+1.12|2,980
5123|MQREIT|1.080|1.080|1.070|-0.010|-0.93|178
0070|MQTECH|0.030|0.025|0.030|0.000|0.00|11,600
0070WA|MQTECH-WA|0.005|0.000|0.000|0.000|0.00|0
1651|MRCB|0.825|0.820|0.810|-0.015|-1.82|77,298
165134|MRCB-C34|0.005|0.005|0.005|0.000|0.00|2,000
165135|MRCB-C35|0.005|0.000|0.000|0.000|0.00|0
165136|MRCB-C36|0.060|0.055|0.055|-0.005|-8.33|3,000
165137|MRCB-C37|0.090|0.085|0.085|-0.005|-5.56|22,632
165138|MRCB-C38|0.065|0.065|0.065|0.000|0.00|8,000
165139|MRCB-C39|0.130|0.130|0.130|0.000|0.00|56,331
165140|MRCB-C40|0.180|0.000|0.000|0.000|0.00|0
165141|MRCB-C41|0.150|0.145|0.140|-0.010|-6.67|3,016
165142|MRCB-C42|0.060|0.000|0.000|0.000|0.00|0
165143|MRCB-C43|0.095|0.095|0.090|-0.005|-5.26|18,560
1651WB|MRCB-WB|0.230|0.230|0.225|-0.005|-2.17|4,654
5916|MSC|0.905|0.900|0.915|+0.010|+1.10|1,390
5202|MSM|1.960|1.960|1.960|0.000|0.00|376
5011|MSNIAGA|1.580|1.560|1.590|+0.010|+0.63|671
5150|MSPORTS|0.010|0.000|0.000|0.000|0.00|0
5924|MTDACPI|0.165|0.160|0.160|-0.005|-3.03|2,464
0092|MTOUCHE|0.055|0.055|0.060|+0.005|+9.09|2,020
0092WB|MTOUCHE-WB|0.010|0.005|0.010|0.000|0.00|589
0092WC|MTOUCHE-WC|0.015|0.000|0.000|0.000|0.00|0
0043|MTRONIC|0.070|0.065|0.070|0.000|0.00|231,473
3883|MUDA|1.860|1.870|1.840|-0.020|-1.08|8,931
5085|MUDAJYA|0.335|0.335|0.325|-0.010|-2.99|12,705
9539|MUH|0.520|0.000|0.000|0.000|0.00|0
5703|MUHIBAH|2.950|2.940|2.900|-0.050|-1.69|3,678
3891|MUIIND|0.170|0.170|0.170|0.000|0.00|9,189
3913|MUIPROP|0.175|0.175|0.170|-0.005|-2.86|14,471
3905|MULPHA|2.460|2.480|2.450|-0.010|-0.41|1,084
5087|MYCRON|0.310|0.315|0.315|+0.005|+1.61|1,996
5087WA|MYCRON-WA|0.080|0.000|0.000|0.000|0.00|0
0138|MYEG|1.290|1.300|1.270|-0.020|-1.55|572,678
013844|MYEG-C44|0.155|0.145|0.145|-0.010|-6.45|39,866
013846|MYEG-C46|0.020|0.000|0.000|0.000|0.00|0
013847|MYEG-C47|0.010|0.000|0.000|0.000|0.00|0
013848|MYEG-C48|0.010|0.000|0.000|0.000|0.00|0
013849|MYEG-C49|0.005|0.000|0.000|0.000|0.00|0
013850|MYEG-C50|0.025|0.000|0.000|0.000|0.00|0
013851|MYEG-C51|0.010|0.000|0.000|0.000|0.00|0
013852|MYEG-C52|0.005|0.000|0.000|0.000|0.00|0
013853|MYEG-C53|0.030|0.000|0.000|0.000|0.00|0
013854|MYEG-C54|0.010|0.000|0.000|0.000|0.00|0
013855|MYEG-C55|0.110|0.115|0.110|0.000|0.00|36,945
013856|MYEG-C56|0.360|0.360|0.350|-0.010|-2.78|1,700
013857|MYEG-C57|0.195|0.190|0.185|-0.010|-5.13|17,268
013858|MYEG-C58|0.120|0.120|0.115|-0.005|-4.17|90,080
013859|MYEG-C59|0.185|0.185|0.175|-0.010|-5.41|26,855
013860|MYEG-C60|0.205|0.205|0.200|-0.005|-2.44|4
013861|MYEG-C61|0.130|0.125|0.120|-0.010|-7.69|73,460
013862|MYEG-C62|0.170|0.160|0.160|-0.010|-5.88|400
013863|MYEG-C63|0.150|0.145|0.140|-0.010|-6.67|13,003
0821EA|MYETFDJ|1.090|0.000|0.000|0.000|0.00|0
0824EA|MYETFID|1.110|0.000|0.000|0.000|0.00|0
03010|MYKRIS|0.300|0.000|0.000|0.000|0.00|0
5275|MYNEWS|1.370|1.370|1.350|-0.020|-1.46|5,133
0041|MYSCM|0.225|0.230|0.220|-0.005|-2.22|2,784
0108|N2N|0.890|0.890|0.890|0.000|0.00|12,008
0108WB|N2N-WB|0.260|0.260|0.270|+0.010|+3.85|1,485
0206|NADIBHD|0.265|0.265|0.270|+0.005|+1.89|57,513
5073|NAIM|0.900|0.905|1.200|+0.300|+33.33|680,954
9806|NATWIDE|0.300|0.255|0.290|-0.010|-3.33|645
4707|NESTLE|148.800|147.500|148.500|-0.300|-0.20|655
4707CE|NESTLE-CE|0.050|0.000|0.000|0.000|0.00|0
0020|NETX|0.015|0.015|0.015|0.000|0.00|16,250
0020WB|NETX-WB|0.005|0.005|0.005|0.000|0.00|3,500
0096|NEXGRAM|0.020|0.015|0.020|0.000|0.00|42,130
0096WA|NEXGRAM-WA|0.005|0.005|0.005|0.000|0.00|5,000
0096WB|NEXGRAM-WB|0.005|0.005|0.005|0.000|0.00|11,500
0096WC|NEXGRAM-WC|0.005|0.005|0.005|0.000|0.00|4,300
7241|NGGB|0.485|0.485|0.495|+0.010|+2.06|34,988
7241WA|NGGB-WA|0.185|0.185|0.190|+0.005|+2.70|64,445
7060|NHFATT|2.700|0.000|0.000|0.000|0.00|0
7139|NICE|0.035|0.035|0.035|0.000|0.00|13,681
7139WB|NICE-WB|0.010|0.010|0.010|0.000|0.00|93,000
7215|NIHSIN|0.295|0.295|0.310|+0.015|+5.08|62,400
0083|NOTION|0.595|0.595|0.580|-0.015|-2.52|13,857
0083WC|NOTION-WC|0.265|0.000|0.000|0.000|0.00|0
0201|NOVA|0.495|0.495|0.495|0.000|0.00|410
0026|NOVAMSC|0.125|0.120|0.125|0.000|0.00|57,696
5047|NPC|2.000|0.000|0.000|0.000|0.00|0
03006|NPS|0.280|0.000|0.000|0.000|0.00|0
2038|NSOP|3.270|0.000|0.000|0.000|0.00|0
5066|NTPM|0.500|0.500|0.485|-0.015|-3.00|700
5025|NWP|0.065|0.065|0.065|0.000|0.00|1,250
4944|NYLEX|0.650|0.665|0.655|+0.005|+0.77|400
5533|OCB|0.430|0.000|0.000|0.000|0.00|0
0172|OCK|0.565|0.565|0.575|+0.010|+1.77|53,145
0172WA|OCK-WA|0.100|0.100|0.100|0.000|0.00|27,609
0049|OCNCASH|0.460|0.455|0.445|-0.015|-3.26|1,200
7071|OCR|0.240|0.240|0.235|-0.005|-2.08|4,153
7071PA|OCR-PA|0.020|0.020|0.020|0.000|0.00|100
7071WC|OCR-WC|0.030|0.030|0.030|0.000|0.00|10
7071WD|OCR-WD|0.055|0.050|0.050|-0.005|-9.09|1,581
7107|OFI|0.830|0.820|0.815|-0.015|-1.81|1,984
5827|OIB|2.030|0.000|0.000|0.000|0.00|0
7140|OKA|0.665|0.670|0.660|-0.005|-0.75|395
3018|OLYMPIA|0.115|0.115|0.110|-0.005|-4.35|3,600
9008|OMESTI|0.385|0.380|0.380|-0.005|-1.30|200
0035|OPCOM|0.635|0.635|0.630|-0.005|-0.79|3,528
0040|OPENSYS|0.340|0.340|0.340|0.000|0.00|3,437
4006|ORIENT|6.820|6.820|6.800|-0.020|-0.29|1,529
0079|ORION|0.170|0.170|0.170|0.000|0.00|74,888
0079WA|ORION-WA|0.070|0.070|0.070|0.000|0.00|10,841
5065|ORNA|1.060|1.050|1.060|0.000|0.00|308
5053|OSK|0.960|0.970|0.960|0.000|0.00|1,244
5053WC|OSK-WC|0.040|0.040|0.045|+0.005|+12.50|22,177
0053|OSKVI|0.480|0.000|0.000|0.000|0.00|0
0153|OVERSEA|0.115|0.000|0.000|0.000|0.00|0
5260|OWG|0.645|0.645|0.650|+0.005|+0.78|8,429
5260WA|OWG-WA|0.190|0.185|0.185|-0.005|-2.63|12,300
6009|P&O|1.000|1.000|1.000|0.000|0.00|30
7225|PA|0.055|0.055|0.055|0.000|0.00|11,279
7225WB|PA-WB|0.040|0.000|0.000|0.000|0.00|0
7052|PADINI|3.720|3.730|3.580|-0.140|-3.76|21,021
7052CV|PADINI-CV|0.005|0.000|0.000|0.000|0.00|0
7052CW|PADINI-CW|0.005|0.005|0.005|0.000|0.00|1,000
7052CX|PADINI-CX|0.130|0.120|0.105|-0.025|-19.23|6,700
7052CY|PADINI-CY|0.090|0.085|0.070|-0.020|-22.22|3,060
7052CZ|PADINI-CZ|0.125|0.000|0.000|0.000|0.00|0
3719|PANAMY|38.060|38.000|38.000|-0.060|-0.16|11
8419|PANSAR|0.805|0.815|0.810|+0.005|+0.62|12,947
8419WA|PANSAR-WA|0.305|0.295|0.305|0.000|0.00|367
5125|PANTECH|0.565|0.575|0.585|+0.020|+3.54|27,176
5125WA|PANTECH-WA|0.125|0.120|0.125|0.000|0.00|4,617
5125WB|PANTECH-WB|0.135|0.135|0.135|0.000|0.00|39
5022|PAOS|0.395|0.365|0.350|-0.045|-11.39|4,563
5022WA|PAOS-WA|0.070|0.060|0.060|-0.010|-14.29|850
9407|PARAGON|0.275|0.255|0.295|+0.020|+7.27|1,035
1724|PARAMON|2.150|2.140|2.140|-0.010|-0.47|297
5657|PARKSON|0.250|0.250|0.265|+0.015|+6.00|46,881
0022|PARLO|0.075|0.000|0.000|0.000|0.00|0
6912|PASDEC|0.390|0.390|0.385|-0.005|-1.28|710
6912WA|PASDEC-WA|0.070|0.070|0.065|-0.005|-7.14|153
0177|PASUKGB|0.055|0.055|0.055|0.000|0.00|1,500
5212|PAVREIT|1.720|1.730|1.720|0.000|0.00|252
5041|PBA|1.150|1.150|1.160|+0.010|+0.87|420
1295|PBBANK|24.400|24.400|24.480|+0.080|+0.33|18,904
129526|PBBANK-C26|0.050|0.000|0.000|0.000|0.00|0
129527|PBBANK-C27|0.030|0.000|0.000|0.000|0.00|0
129528|PBBANK-C28|0.105|0.000|0.000|0.000|0.00|0
129529|PBBANK-C29|0.160|0.000|0.000|0.000|0.00|0
129530|PBBANK-C30|0.110|0.000|0.000|0.000|0.00|0
129531|PBBANK-C31|0.155|0.160|0.160|+0.005|+3.23|2,500
6068|PCCS|0.405|0.410|0.395|-0.010|-2.47|184,532
6068WA|PCCS-WA|0.105|0.110|0.105|0.000|0.00|45,250
5183|PCHEM|9.260|9.190|9.300|+0.040|+0.43|57,445
518322|PCHEM-C22|0.030|0.000|0.000|0.000|0.00|0
518323|PCHEM-C23|0.015|0.000|0.000|0.000|0.00|0
518324|PCHEM-C24|0.015|0.010|0.010|-0.005|-33.33|120
518325|PCHEM-C25|0.065|0.000|0.000|0.000|0.00|0
518326|PCHEM-C26|0.120|0.125|0.130|+0.010|+8.33|2,700
518327|PCHEM-C27|0.160|0.000|0.000|0.000|0.00|0
518328|PCHEM-C28|0.150|0.000|0.000|0.000|0.00|0
518329|PCHEM-C29|0.155|0.000|0.000|0.000|0.00|0
518330|PCHEM-C30|0.195|0.180|0.185|-0.010|-5.13|24,007
518331|PCHEM-C31|0.105|0.000|0.000|0.000|0.00|0
6254|PDZ|0.035|0.035|0.040|+0.005|+14.29|27,510
6254WB|PDZ-WB|0.010|0.010|0.015|+0.005|+50.00|385
5622|PEB|0.900|0.900|0.850|-0.050|-5.56|160
5271|PECCA|1.110|1.120|1.130|+0.020|+1.80|12,576
5231|PELIKAN|0.340|0.340|0.335|-0.005|-1.47|2,728
5133|PENERGY|1.060|1.070|1.170|+0.110|+10.38|42,901
9997|PENSONI|0.400|0.385|0.405|+0.005|+1.25|200
9997WB|PENSONI-WB|0.115|0.000|0.000|0.000|0.00|0
7160|PENTA|3.400|3.410|3.410|+0.010|+0.29|8,650
7108|PERDANA|0.300|0.305|0.450|+0.150|+50.00|3,399,791
0047|PERISAI|0.005|0.000|0.000|0.000|0.00|0
7080|PERMAJU|0.415|0.415|0.400|-0.015|-3.61|211,352
5436|PERSTIM|4.880|4.880|4.880|0.000|0.00|9
8311|PESONA|0.215|0.215|0.225|+0.010|+4.65|50,408
8311WC|PESONA-WC|0.045|0.045|0.055|+0.010|+22.22|14,822
5219|PESTECH|1.150|1.150|1.130|-0.020|-1.74|2,430
5219CF|PESTECH-CF|0.005|0.000|0.000|0.000|0.00|0
5681|PETDAG|25.700|25.340|25.300|-0.400|-1.56|7,016
5681CW|PETDAG-CW|0.005|0.000|0.000|0.000|0.00|0
5681CX|PETDAG-CX|0.075|0.070|0.060|-0.015|-20.00|2,865
6033|PETGAS|17.760|17.680|17.700|-0.060|-0.34|4,614
6033CR|PETGAS-CR|0.020|0.000|0.000|0.000|0.00|0
6033CS|PETGAS-CS|0.020|0.000|0.000|0.000|0.00|0
3042|PETRONM|6.650|6.650|6.620|-0.030|-0.45|965
3042CS|PETRONM-CS|0.035|0.000|0.000|0.000|0.00|0
3611|PGLOBE|1.100|0.000|0.000|0.000|0.00|0
3611WA|PGLOBE-WA|0.070|0.000|0.000|0.000|0.00|0
7081|PHARMA|2.360|2.330|2.350|-0.010|-0.42|552
4464|PHB|0.025|0.020|0.020|-0.005|-20.00|27,142
7201|PICORP|0.130|0.130|0.130|0.000|0.00|1,476
7095|PIE|1.610|1.600|1.590|-0.020|-1.24|4,148
0006|PINEAPP|0.265|0.000|0.000|0.000|0.00|0
1902|PINEPAC|0.330|0.000|0.000|0.000|0.00|0
0527C2|PINGAN-C2|0.085|0.000|0.000|0.000|0.00|0
0527C3|PINGAN-C3|0.375|0.400|0.400|+0.025|+6.67|4,508
7163|PJBUMI|0.320|0.325|0.320|0.000|0.00|30
7163WA|PJBUMI-WA|0.050|0.000|0.000|0.000|0.00|0
0171|PLABS|0.285|0.285|0.280|-0.005|-1.75|2,820
7055|PLB|1.140|1.110|1.130|-0.010|-0.88|110
5075|PLENITU|1.520|1.480|1.480|-0.040|-2.63|170
9695|PLS|0.950|0.960|0.960|+0.010|+1.05|2,980
7172|PMBTECH|3.200|3.190|3.200|0.000|0.00|1,860
7172LA|PMBTECH-LA|3.210|0.000|0.000|0.000|0.00|0
7172WA|PMBTECH-WA|1.500|0.000|0.000|0.000|0.00|0
4081|PMCORP|0.145|0.140|0.140|-0.005|-3.45|5,000
8869|PMETAL|4.420|4.410|4.470|+0.050|+1.13|16,117
886915|PMETAL-C15|0.055|0.060|0.055|0.000|0.00|20,058
886916|PMETAL-C16|0.005|0.000|0.000|0.000|0.00|0
886917|PMETAL-C17|0.015|0.010|0.010|-0.005|-33.33|15,900
886918|PMETAL-C18|0.120|0.000|0.000|0.000|0.00|0
886919|PMETAL-C19|0.070|0.000|0.000|0.000|0.00|0
886920|PMETAL-C20|0.030|0.000|0.000|0.000|0.00|0
886921|PMETAL-C21|0.040|0.000|0.000|0.000|0.00|0
886922|PMETAL-C22|0.035|0.000|0.000|0.000|0.00|0
886923|PMETAL-C23|0.180|0.000|0.000|0.000|0.00|0
886924|PMETAL-C24|0.085|0.085|0.085|0.000|0.00|150
886925|PMETAL-C25|0.150|0.165|0.165|+0.015|+10.00|11,612
886926|PMETAL-C26|0.125|0.130|0.130|+0.005|+4.00|2,558
886927|PMETAL-C27|0.125|0.125|0.130|+0.005|+4.00|54
8869WC|PMETAL-WC|3.900|4.010|4.050|+0.150|+3.85|1,265
1287|PMHLDG|0.045|0.045|0.045|0.000|0.00|23,760
6637|PNEPCB|0.540|0.000|0.000|0.000|0.00|0
5080|POHKONG|0.480|0.490|0.490|+0.010|+2.08|52
7088|POHUAT|1.610|1.610|1.610|0.000|0.00|319
7088WB|POHUAT-WB|0.600|0.600|0.595|-0.005|-0.83|660
8117|POLY|0.425|0.430|0.445|+0.020|+4.71|370
03007|POLYMER|0.170|0.000|0.000|0.000|0.00|0
4634|POS|1.920|1.930|1.930|+0.010|+0.52|21,195
463421|POS-C21|0.005|0.000|0.000|0.000|0.00|0
463422|POS-C22|0.005|0.000|0.000|0.000|0.00|0
463423|POS-C23|0.005|0.000|0.000|0.000|0.00|0
463424|POS-C24|0.005|0.000|0.000|0.000|0.00|0
463425|POS-C25|0.005|0.000|0.000|0.000|0.00|0
463426|POS-C26|0.005|0.000|0.000|0.000|0.00|0
463427|POS-C27|0.010|0.000|0.000|0.000|0.00|0
463428|POS-C28|0.005|0.000|0.000|0.000|0.00|0
463429|POS-C29|0.035|0.040|0.040|+0.005|+14.29|5,300
463430|POS-C30|0.055|0.000|0.000|0.000|0.00|0
463431|POS-C31|0.085|0.090|0.090|+0.005|+5.88|20,513
463432|POS-C32|0.045|0.050|0.050|+0.005|+11.11|1,400
463433|POS-C33|0.130|0.140|0.135|+0.005|+3.85|4,676
463434|POS-C34|0.095|0.100|0.105|+0.010|+10.53|18,993
4065|PPB|18.260|18.320|18.180|-0.080|-0.44|8,480
4065CJ|PPB-CJ|0.115|0.000|0.000|0.000|0.00|0
7190|PPG|0.415|0.000|0.000|0.000|0.00|0
8273|PPHB|0.555|0.570|0.585|+0.030|+5.41|3,323
5204|PRESBHD|0.565|0.570|0.570|+0.005|+0.88|906,427
9873|PRESTAR|0.695|0.695|0.705|+0.010|+1.44|13,013
7168|PRG|0.745|0.740|0.745|0.000|0.00|5,635
7168WA|PRG-WA|0.390|0.380|0.355|-0.035|-8.97|100
0123|PRIVA|0.065|0.070|0.070|+0.005|+7.69|5,545
8346|PRKCORP|0.420|0.000|0.000|0.000|0.00|0
8966|PRLEXUS|0.600|0.600|0.620|+0.020|+3.33|1,925
8966WA|PRLEXUS-WA|0.100|0.100|0.105|+0.005|+5.00|838
5070|PRTASCO|0.255|0.255|0.255|0.000|0.00|10,841
5070WA|PRTASCO-WA|0.055|0.050|0.050|-0.005|-9.09|952
7145|PSIPTEK|0.130|0.125|0.130|0.000|0.00|37,955
7145WA|PSIPTEK-WA|0.025|0.030|0.035|+0.010|+40.00|8,673
9598|PTARAS|2.230|2.230|2.200|-0.030|-1.35|340
0038|PTB|0.150|0.000|0.000|0.000|0.00|0
0186|PTRANS|0.235|0.235|0.240|+0.005|+2.13|88,758
0186WA|PTRANS-WA|0.060|0.055|0.065|+0.005|+8.33|39,860
0007|PUC|0.095|0.100|0.095|0.000|0.00|19,720
0007WA|PUC-WA|0.060|0.060|0.060|0.000|0.00|2,894
6807|PUNCAK|0.385|0.385|0.405|+0.020|+5.19|19,029
7134|PWF|0.820|0.815|0.800|-0.020|-2.44|197
7134WA|PWF-WA|0.390|0.000|0.000|0.000|0.00|0
7123|PWORTH|0.040|0.040|0.050|+0.010|+25.00|355,078
7237|PWROOT|1.380|1.380|1.400|+0.020|+1.45|192
7237WA|PWROOT-WA|0.275|0.265|0.275|0.000|0.00|714
0196|QES|0.240|0.240|0.240|0.000|0.00|43,781
7084|QL|7.010|7.010|6.940|-0.070|-1.00|4,108
7084CL|QL-CL|0.060|0.050|0.050|-0.010|-16.67|40
7084CM|QL-CM|0.065|0.000|0.000|0.000|0.00|0
7084CN|QL-CN|0.105|0.000|0.000|0.000|0.00|0
7084CO|QL-CO|0.135|0.000|0.000|0.000|0.00|0
7544|QUALITY|0.815|0.000|0.000|0.000|0.00|0
7498|RALCO|0.220|0.000|0.000|0.000|0.00|0
7498WB|RALCO-WB|0.010|0.010|0.010|0.000|0.00|500
5272|RANHILL|1.360|1.380|1.390|+0.030|+2.21|6,420
7765|RAPID|5.660|5.600|5.700|+0.040|+0.71|13,470
9296|RCECAP|1.670|1.650|1.650|-0.020|-1.20|1,818
5256|REACH|0.300|0.300|0.330|+0.030|+10.00|246,254
5256WA|REACH-WA|0.060|0.060|0.060|0.000|0.00|352,014
03002|REDIDEA|0.280|0.000|0.000|0.000|0.00|0
0032|REDTONE|0.240|0.245|0.265|+0.025|+10.42|27,622
0032LA|REDTONE-LA|0.130|0.000|0.000|0.000|0.00|0
7232|RESINTC|0.300|0.300|0.290|-0.010|-3.33|42
0173|REV|0.195|0.200|0.205|+0.010|+5.13|2,256
0200|REVENUE|1.180|1.180|1.190|+0.010|+0.85|5,809
0200WA|REVENUE-WA|0.405|0.410|0.405|0.000|0.00|12,764
9946|REX|0.420|0.410|0.410|-0.010|-2.38|100
0106|REXIT|0.615|0.615|0.600|-0.015|-2.44|120
0037|RGB|0.215|0.215|0.215|0.000|0.00|24,080
9954|RGTBHD|0.175|0.175|0.175|0.000|0.00|6,260
9954WB|RGTBHD-WB|0.105|0.105|0.105|0.000|0.00|5,823
0202|RGTECH|0.235|0.240|0.240|+0.005|+2.13|2,292
1066|RHBBANK|5.630|5.730|5.790|+0.160|+2.84|78,952
106610|RHBBANKC10|0.090|0.000|0.000|0.000|0.00|0
106611|RHBBANKC11|0.045|0.055|0.065|+0.020|+44.44|816
106612|RHBBANKC12|0.090|0.100|0.105|+0.015|+16.67|3,100
106613|RHBBANKC13|0.080|0.080|0.085|+0.005|+6.25|2,116
5278|RHONEMA|0.750|0.000|0.000|0.000|0.00|0
9741|ROHAS|0.620|0.635|0.630|+0.010|+1.61|15,269
5113|RSAWIT|0.195|0.195|0.190|-0.005|-2.56|3,550
5270|RSENA|0.505|0.000|0.000|0.000|0.00|0
7803|RUBEREX|0.455|0.445|0.455|0.000|0.00|490
2542|RVIEW|3.030|0.000|0.000|0.000|0.00|0
5134|SAB|3.850|3.850|3.850|0.000|0.00|70
8567|SALCON|0.270|0.275|0.285|+0.015|+5.56|172,550
8567WB|SALCON-WB|0.085|0.085|0.090|+0.005|+5.88|161,127
0183|SALUTE|0.370|0.375|0.370|0.000|0.00|3,694
9822|SAM|7.890|7.890|7.820|-0.070|-0.89|208
5147|SAMCHEM|0.605|0.610|0.610|+0.005|+0.83|774
9113|SANBUMI|0.335|0.335|0.330|-0.005|-1.49|3,627
0541C9|SANDS-C9|0.115|0.000|0.000|0.000|0.00|0
0133|SANICHI|0.055|0.055|0.055|0.000|0.00|6,216
0133WC|SANICHI-WC|0.005|0.000|0.000|0.000|0.00|0
0133WD|SANICHI-WD|0.005|0.000|0.000|0.000|0.00|0
0133WE|SANICHI-WE|0.015|0.015|0.015|0.000|0.00|378
7811|SAPIND|0.710|0.000|0.000|0.000|0.00|0
5218|SAPNRG|0.325|0.330|0.340|+0.015|+4.62|3,701,034
5218PA|SAPNRG-PA|0.360|0.360|0.365|+0.005|+1.39|913
5218WA|SAPNRG-WA|0.100|0.105|0.105|+0.005|+5.00|2,311,076
521868|SAPNRGC68|0.005|0.000|0.000|0.000|0.00|0
521869|SAPNRGC69|0.010|0.000|0.000|0.000|0.00|0
521870|SAPNRGC70|0.055|0.000|0.000|0.000|0.00|0
521871|SAPNRGC71|0.005|0.000|0.000|0.000|0.00|0
521872|SAPNRGC72|0.005|0.020|0.010|+0.005|+100.00|896
521873|SAPNRGC73|0.030|0.030|0.030|0.000|0.00|8,390
521874|SAPNRGC74|0.030|0.035|0.040|+0.010|+33.33|8,800
521875|SAPNRGC75|0.085|0.085|0.090|+0.005|+5.88|10,900
521876|SAPNRGC76|0.075|0.080|0.080|+0.005|+6.67|90,388
4596|SAPRES|0.650|0.650|0.650|0.000|0.00|130
5252|SASBADI|0.235|0.230|0.235|0.000|0.00|93,151
5157|SAUDEE|0.305|0.305|0.305|0.000|0.00|44
5157WA|SAUDEE-WA|0.115|0.105|0.120|+0.005|+4.35|84
2569|SBAGAN|2.980|2.940|2.940|-0.040|-1.34|228
5207|SBCCORP|0.490|0.480|0.500|+0.010|+2.04|932
5170|SCABLE|0.415|0.420|0.410|-0.005|-1.20|11,843
0109|SCBUILD|0.025|0.025|0.025|0.000|0.00|8,700
0109WB|SCBUILD-WB|0.005|0.000|0.000|0.000|0.00|0
0158|SCC|0.520|0.505|0.520|0.000|0.00|190
7247|SCGM|1.160|1.160|1.170|+0.010|+0.86|1,923
7247WA|SCGM-WA|0.120|0.090|0.090|-0.030|-25.00|57
0161|SCH|0.135|0.135|0.135|0.000|0.00|3,300
0161WA|SCH-WA|0.040|0.040|0.040|0.000|0.00|2,900
9237|SCIB|0.545|0.560|0.560|+0.015|+2.75|20
0099|SCICOM|1.150|1.160|1.160|+0.010|+0.87|875
4731|SCIENTX|8.330|8.410|8.400|+0.070|+0.84|1,847
4731CF|SCIENTX-CF|0.055|0.060|0.060|+0.005|+9.09|450
7239|SCNWOLF|0.175|0.000|0.000|0.000|0.00|0
7158|SCOMI|0.040|0.045|0.045|+0.005|+12.50|61,586
7158WB|SCOMI-WB|0.010|0.010|0.010|0.000|0.00|430
7045|SCOMIES|0.060|0.055|0.060|0.000|0.00|63,356
0001|SCOMNET|0.755|0.755|0.755|0.000|0.00|6,950
0028|SCOPE|0.230|0.235|0.215|-0.015|-6.52|42,786
0028WA|SCOPE-WA|0.080|0.075|0.070|-0.010|-12.50|1,631
2224|SDRED|0.675|0.640|0.645|-0.030|-4.44|594
7073|SEACERA|0.380|0.370|0.375|-0.005|-1.32|288,991
7073WB|SEACERA-WB|0.005|0.000|0.000|0.000|0.00|0
7073WC|SEACERA-WC|0.045|0.045|0.040|-0.005|-11.11|13,301
4286|SEAL|0.340|0.335|0.335|-0.005|-1.47|200
5145|SEALINK|0.130|0.135|0.145|+0.015|+11.54|16,834
5163|SEB|0.445|0.410|0.380|-0.065|-14.61|338
0178|SEDANIA|0.120|0.110|0.110|-0.010|-8.33|700
7053|SEEHUP|0.910|0.000|0.000|0.000|0.00|0
03009|SEERS|0.100|0.000|0.000|0.000|0.00|0
9792|SEG|0.630|0.630|0.630|0.000|0.00|10
5250|SEM|1.400|1.450|1.450|+0.050|+3.57|2,600
5205|SENDAI|0.555|0.555|0.570|+0.015|+2.70|228,869
5279|SERBADK|3.800|3.800|3.830|+0.030|+0.79|39,776
5279CN|SERBADK-CN|0.010|0.000|0.000|0.000|0.00|0
5279CO|SERBADK-CO|0.020|0.000|0.000|0.000|0.00|0
5279CP|SERBADK-CP|0.090|0.000|0.000|0.000|0.00|0
5279CQ|SERBADK-CQ|0.170|0.160|0.160|-0.010|-5.88|544
5279CR|SERBADK-CR|0.160|0.000|0.000|0.000|0.00|0
5279CS|SERBADK-CS|0.090|0.095|0.095|+0.005|+5.56|1,200
7180|SERNKOU|0.540|0.530|0.545|+0.005|+0.93|1,590
7180WA|SERNKOU-WA|0.200|0.200|0.200|0.000|0.00|1,250
0055|SERSOL|0.095|0.095|0.095|0.000|0.00|241
0055WA|SERSOL-WA|0.045|0.000|0.000|0.000|0.00|0
5517|SHANG|5.640|5.630|5.640|0.000|0.00|903
4316|SHCHAN|0.370|0.360|0.360|-0.010|-2.70|180
7412|SHH|0.495|0.000|0.000|0.000|0.00|0
6017|SHL|2.430|2.450|2.440|+0.010|+0.41|503
5181|SIGGAS|0.865|0.865|0.875|+0.010|+1.16|1,940
7246|SIGN|0.415|0.410|0.440|+0.025|+6.02|18,045
7246WA|SIGN-WA|0.070|0.075|0.080|+0.010|+14.29|3,669
4197|SIME|2.160|2.160|2.160|0.000|0.00|79,102
419725|SIME-C25|0.030|0.005|0.005|-0.025|-83.33|100
419727|SIME-C27|0.005|0.000|0.000|0.000|0.00|0
419728|SIME-C28|0.015|0.000|0.000|0.000|0.00|0
419729|SIME-C29|0.040|0.000|0.000|0.000|0.00|0
419730|SIME-C30|0.035|0.000|0.000|0.000|0.00|0
419731|SIME-C31|0.035|0.035|0.035|0.000|0.00|7,000
419732|SIME-C32|0.080|0.080|0.080|0.000|0.00|2,000
419733|SIME-C33|0.045|0.050|0.050|+0.005|+11.11|110
5285|SIMEPLT|5.080|5.060|5.090|+0.010|+0.20|20,156
5285CH|SIMEPLT-CH|0.030|0.000|0.000|0.000|0.00|0
5285CI|SIMEPLT-CI|0.035|0.000|0.000|0.000|0.00|0
5285CJ|SIMEPLT-CJ|0.095|0.000|0.000|0.000|0.00|0
5288|SIMEPROP|1.050|1.040|1.030|-0.020|-1.90|6,889
5288CG|SIMEPROP-CG|0.020|0.000|0.000|0.000|0.00|0
5288CH|SIMEPROP-CH|0.050|0.000|0.000|0.000|0.00|0
5288CI|SIMEPROP-CI|0.005|0.000|0.000|0.000|0.00|0
5288CJ|SIMEPROP-CJ|0.020|0.000|0.000|0.000|0.00|0
5288CK|SIMEPROP-CK|0.035|0.000|0.000|0.000|0.00|0
5288CL|SIMEPROP-CL|0.055|0.055|0.055|0.000|0.00|900
8532|SINOTOP|0.280|0.270|0.305|+0.025|+8.93|2,620
9431|SJC|0.610|0.000|0.000|0.000|0.00|0
7115|SKBSHUT|0.650|0.690|0.620|-0.030|-4.62|330
7155|SKPRES|1.290|1.290|1.290|0.000|0.00|12,102
7155CN|SKPRES-CN|0.040|0.000|0.000|0.000|0.00|0
7155CO|SKPRES-CO|0.045|0.040|0.045|0.000|0.00|7,001
7155CP|SKPRES-CP|0.050|0.000|0.000|0.000|0.00|0
7155CQ|SKPRES-CQ|0.105|0.105|0.105|0.000|0.00|2,000
03008|SLIC|0.420|0.000|0.000|0.000|0.00|0
7248|SLP|1.240|1.240|1.240|0.000|0.00|59
9776|SMCAP|0.180|0.180|0.200|+0.020|+11.11|64,084
9776WC|SMCAP-WC|0.085|0.085|0.100|+0.015|+17.65|9,480
0203|SMETRIC|0.560|0.555|0.530|-0.030|-5.36|13,413
4375|SMI|0.190|0.185|0.180|-0.010|-5.26|3,565
7132|SMISCOR|0.435|0.450|0.460|+0.025|+5.75|42
0117|SMRT|0.120|0.000|0.000|0.000|0.00|0
0169|SMTRACK|0.070|0.000|0.000|0.000|0.00|0
7943|SNC|0.240|0.230|0.235|-0.005|-2.08|489
5213|SNTORIA|0.385|0.380|0.440|+0.055|+14.29|410
5213WA|SNTORIA-WA|0.005|0.000|0.000|0.000|0.00|0
5213WB|SNTORIA-WB|0.055|0.000|0.000|0.000|0.00|0
5242|SOLID|0.290|0.000|0.000|0.000|0.00|0
5242WA|SOLID-WA|0.080|0.000|0.000|0.000|0.00|0
0093|SOLUTN|0.090|0.090|0.090|0.000|0.00|1,640
0093WA|SOLUTN-WA|0.030|0.000|0.000|0.000|0.00|0
5126|SOP|2.560|2.550|2.550|-0.010|-0.39|99
0656CF|SP500-CF|0.025|0.010|0.010|-0.015|-60.00|470
0656CG|SP500-CG|0.790|0.790|0.785|-0.005|-0.63|446
0656CH|SP500-CH|1.440|0.000|0.000|0.000|0.00|0
0656CI|SP500-CI|0.755|0.000|0.000|0.000|0.00|0
0656HF|SP500-HF|0.005|0.005|0.005|0.000|0.00|1,466
0656HG|SP500-HG|0.230|0.230|0.220|-0.010|-4.35|2,342
0656HH|SP500-HH|0.325|0.325|0.325|0.000|0.00|510
0656HI|SP500-HI|1.010|0.000|0.000|0.000|0.00|0
1783|SPB|6.220|6.220|6.220|0.000|0.00|436
7103|SPRITZER|2.100|2.190|2.190|+0.090|+4.29|16
8664|SPSETIA|2.260|2.250|2.230|-0.030|-1.33|5,683
866410|SPSETIA-C10|0.010|0.000|0.000|0.000|0.00|0
866411|SPSETIA-C11|0.070|0.000|0.000|0.000|0.00|0
866412|SPSETIA-C12|0.105|0.000|0.000|0.000|0.00|0
866413|SPSETIA-C13|0.085|0.000|0.000|0.000|0.00|0
866414|SPSETIA-C14|0.125|0.000|0.000|0.000|0.00|0
866415|SPSETIA-C15|0.150|0.000|0.000|0.000|0.00|0
866416|SPSETIA-C16|0.080|0.000|0.000|0.000|0.00|0
8664C9|SPSETIA-C9|0.005|0.000|0.000|0.000|0.00|0
8664PA|SPSETIA-PA|0.875|0.875|0.900|+0.025|+2.86|1,644
8664PB|SPSETIA-PB|0.760|0.000|0.000|0.000|0.00|0
0129|SRIDGE|0.220|0.220|0.220|0.000|0.00|6,624
0129WA|SRIDGE-WA|0.070|0.060|0.060|-0.010|-14.29|1,566
5665|SSTEEL|0.850|0.845|0.840|-0.010|-1.18|1,985
5665LB|SSTEEL-LB|0.760|0.000|0.000|0.000|0.00|0
6084|STAR|0.780|0.785|0.780|0.000|0.00|182
0140|STERPRO|0.165|0.165|0.180|+0.015|+9.09|18,257
0140WA|STERPRO-WA|0.040|0.040|0.040|0.000|0.00|1
7143|STONE|0.135|0.135|0.135|0.000|0.00|52
7143WA|STONE-WA|0.010|0.010|0.010|0.000|0.00|1,100
0080|STRAITS|0.230|0.230|0.245|+0.015|+6.52|147,108
0080WA|STRAITS-WA|0.120|0.120|0.135|+0.015|+12.50|59,150
6904|SUBUR|0.530|0.000|0.000|0.000|0.00|0
7207|SUCCESS|0.720|0.725|0.740|+0.020|+2.78|9,262
9865|SUIWAH|2.670|2.670|2.670|0.000|0.00|50
1201|SUMATEC|0.005|0.010|0.010|+0.005|+100.00|69,820
1201WA|SUMATEC-WA|0.005|0.005|0.005|0.000|0.00|1,500
5263|SUNCON|1.780|1.780|1.840|+0.060|+3.37|8,822
5263CT|SUNCON-CT|0.005|0.000|0.000|0.000|0.00|0
5263CU|SUNCON-CU|0.055|0.000|0.000|0.000|0.00|0
5263CV|SUNCON-CV|0.030|0.000|0.000|0.000|0.00|0
5176|SUNREIT|1.750|1.760|1.770|+0.020|+1.14|4,620
3743|SUNSURIA|0.625|0.630|0.630|+0.005|+0.80|200
3743WA|SUNSURIA-WA|0.045|0.055|0.045|0.000|0.00|700
5211|SUNWAY|1.650|1.650|1.650|0.000|0.00|5,630
5211CR|SUNWAY-CR|0.035|0.000|0.000|0.000|0.00|0
5211CS|SUNWAY-CS|0.010|0.000|0.000|0.000|0.00|0
5211WB|SUNWAY-WB|0.280|0.275|0.280|0.000|0.00|2,953
0148|SUNZEN|0.160|0.165|0.165|+0.005|+3.13|989
0148WA|SUNZEN-WA|0.040|0.040|0.040|0.000|0.00|5,440
0148WB|SUNZEN-WB|0.055|0.035|0.055|0.000|0.00|1,050
7235|SUPERLN|1.360|1.360|1.360|0.000|0.00|1,707
7106|SUPERMX|1.500|1.500|1.460|-0.040|-2.67|47,707
710648|SUPERMX-C48|0.005|0.000|0.000|0.000|0.00|0
710650|SUPERMX-C50|0.005|0.000|0.000|0.000|0.00|0
710651|SUPERMX-C51|0.005|0.000|0.000|0.000|0.00|0
710652|SUPERMX-C52|0.025|0.010|0.010|-0.015|-60.00|6,199
710653|SUPERMX-C53|0.005|0.000|0.000|0.000|0.00|0
710654|SUPERMX-C54|0.095|0.000|0.000|0.000|0.00|0
710655|SUPERMX-C55|0.040|0.040|0.040|0.000|0.00|872
710656|SUPERMX-C56|0.095|0.095|0.090|-0.005|-5.26|933
710657|SUPERMX-C57|0.085|0.075|0.075|-0.010|-11.76|604
710658|SUPERMX-C58|0.055|0.050|0.050|-0.005|-9.09|1,070
710659|SUPERMX-C59|0.080|0.070|0.070|-0.010|-12.50|82
710660|SUPERMX-C60|0.035|0.000|0.000|0.000|0.00|0
710661|SUPERMX-C61|0.045|0.000|0.000|0.000|0.00|0
710662|SUPERMX-C62|0.065|0.065|0.065|0.000|0.00|2,780
710663|SUPERMX-C63|0.060|0.000|0.000|0.000|0.00|0
710664|SUPERMX-C64|0.085|0.000|0.000|0.000|0.00|0
710665|SUPERMX-C65|0.095|0.095|0.095|0.000|0.00|4,999
710666|SUPERMX-C66|0.085|0.085|0.080|-0.005|-5.88|1,300
03018|SUPREME|0.680|0.000|0.000|0.000|0.00|0
6521|SURIA|1.420|1.390|1.400|-0.020|-1.41|386
5135|SWKPLNT|1.560|1.530|1.530|-0.030|-1.92|258
7186|SWSCAP|0.680|0.000|0.000|0.000|0.00|0
7186WB|SWSCAP-WB|0.070|0.060|0.070|0.000|0.00|91
9717|SYCAL|0.235|0.225|0.235|0.000|0.00|650
7082|SYF|0.220|0.220|0.220|0.000|0.00|2,221
7082WB|SYF-WB|0.010|0.010|0.010|0.000|0.00|175
1538|SYMLIFE|0.405|0.405|0.425|+0.020|+4.94|11,738
1538WB|SYMLIFE-WB|0.030|0.030|0.040|+0.010|+33.33|14,616
5173|SYSCORP|0.315|0.310|0.320|+0.005|+1.59|2,477
0050|SYSTECH|0.230|0.225|0.220|-0.010|-4.35|2,648
7228|T7GLOBAL|0.535|0.545|0.545|+0.010|+1.87|257,557
4898|TA|0.620|0.620|0.620|0.000|0.00|5,418
5012|TAANN|2.400|2.410|2.400|0.000|0.00|868
5012CM|TAANN-CM|0.080|0.000|0.000|0.000|0.00|0
4022|TADMAX|0.230|0.230|0.230|0.000|0.00|10,307
7211|TAFI|0.340|0.000|0.000|0.000|0.00|0
5158|TAGB|0.250|0.245|0.250|0.000|0.00|9,100
6139|TAKAFUL|4.430|4.430|4.390|-0.040|-0.90|4,477
6139CC|TAKAFUL-CC|0.070|0.000|0.000|0.000|0.00|0
6139CD|TAKAFUL-CD|0.125|0.000|0.000|0.000|0.00|0
2259|TALAMT|0.035|0.035|0.040|+0.005|+14.29|16,157
8524|TALIWRK|0.845|0.850|0.850|+0.005|+0.59|2,869
8524CE|TALIWRK-CE|0.120|0.125|0.125|+0.005|+4.17|800
5191|TAMBUN|0.765|0.765|0.765|0.000|0.00|2,908
2429|TANCO|0.050|0.050|0.055|+0.005|+10.00|491
2429WB|TANCO-WB|0.020|0.000|0.000|0.000|0.00|0
5149|TAS|0.285|0.280|0.340|+0.055|+19.30|51,957
5140|TASCO|1.450|1.480|1.480|+0.030|+2.07|1,395
4448|TASEK|4.900|4.850|4.840|-0.060|-1.22|87
4448P|TASEK-PA|10.100|0.000|0.000|0.000|0.00|0
7097|TAWIN|0.505|0.510|0.540|+0.035|+6.93|15,995
4405|TCHONG|1.650|1.630|1.620|-0.030|-1.82|194
0132|TDEX|0.070|0.075|0.075|+0.005|+7.14|500
2054|TDM|0.175|0.175|0.180|+0.005|+2.86|73,487
0084|TECFAST|0.330|0.330|0.320|-0.010|-3.03|6,758
7439|TECGUAN|1.150|1.150|1.100|-0.050|-4.35|1,695
5289|TECHBND|0.765|0.760|0.755|-0.010|-1.31|5,101
7200|TEKSENG|0.245|0.240|0.240|-0.005|-2.04|1,608
7200WA|TEKSENG-WA|0.050|0.045|0.050|0.000|0.00|2,113
5347|TENAGA|12.640|12.640|12.700|+0.060|+0.47|34,050
534747|TENAGA-C47|0.050|0.000|0.000|0.000|0.00|0
534749|TENAGA-C49|0.005|0.000|0.000|0.000|0.00|0
534750|TENAGA-C50|0.040|0.000|0.000|0.000|0.00|0
534751|TENAGA-C51|0.030|0.030|0.030|0.000|0.00|200
534752|TENAGA-C52|0.040|0.000|0.000|0.000|0.00|0
534753|TENAGA-C53|0.050|0.050|0.050|0.000|0.00|50
534754|TENAGA-C54|0.105|0.105|0.105|0.000|0.00|9,000
0546C7|TENCENT-C7|0.195|0.185|0.190|-0.005|-2.56|21,993
7252|TEOSENG|1.190|1.200|1.200|+0.010|+0.84|4,967
7252WA|TEOSENG-WA|0.220|0.230|0.235|+0.015|+6.82|3,650
8702|TEXCHEM|0.665|0.000|0.000|0.000|0.00|0
0089|TEXCYCL|0.540|0.550|0.535|-0.005|-0.93|783
0145|TFP|0.095|0.000|0.000|0.000|0.00|0
9369|TGL|0.960|1.000|1.000|+0.040|+4.17|16
7034|TGUAN|2.620|2.620|2.640|+0.020|+0.76|875
7034LA|TGUAN-LA|2.550|0.000|0.000|0.000|0.00|0
7034WA|TGUAN-WA|1.080|1.090|1.070|-0.010|-0.93|268
9075|THETA|0.430|0.430|0.445|+0.015|+3.49|569
7206|THHEAVY|0.055|0.055|0.060|+0.005|+9.09|138,513
7206PB|THHEAVY-PB|0.015|0.000|0.000|0.000|0.00|0
5112|THPLANT|0.520|0.515|0.500|-0.020|-3.85|2,990
7889|THRIVEN|0.210|0.210|0.215|+0.005|+2.38|1,300
7889WB|THRIVEN-WB|0.060|0.060|0.060|0.000|0.00|155
7374|TIENWAH|1.360|1.340|1.340|-0.020|-1.47|55
7079|TIGER|0.075|0.075|0.080|+0.005|+6.67|8,825
7079WC|TIGER-WC|0.020|0.000|0.000|0.000|0.00|0
5031|TIMECOM|8.560|8.570|8.700|+0.140|+1.64|6,598
7854|TIMWELL|0.640|0.000|0.000|0.000|0.00|0
5239|TITIJYA|0.315|0.315|0.315|0.000|0.00|12,111
5239PA|TITIJYA-PA|0.035|0.030|0.035|0.000|0.00|2,640
4863|TM|3.250|3.250|3.250|0.000|0.00|29,939
486327|TM-C27|0.005|0.000|0.000|0.000|0.00|0
486328|TM-C28|0.010|0.005|0.005|-0.005|-50.00|950
486329|TM-C29|0.005|0.000|0.000|0.000|0.00|0
486330|TM-C30|0.045|0.000|0.000|0.000|0.00|0
486331|TM-C31|0.050|0.000|0.000|0.000|0.00|0
486332|TM-C32|0.015|0.000|0.000|0.000|0.00|0
486333|TM-C33|0.065|0.000|0.000|0.000|0.00|0
486334|TM-C34|0.110|0.105|0.110|0.000|0.00|4
486335|TM-C35|0.125|0.125|0.125|0.000|0.00|4,500
486336|TM-C36|0.245|0.000|0.000|0.000|0.00|0
486337|TM-C37|0.390|0.385|0.390|0.000|0.00|4
486338|TM-C38|0.205|0.000|0.000|0.000|0.00|0
486339|TM-C39|0.255|0.250|0.255|0.000|0.00|2,000
486340|TM-C40|0.165|0.165|0.165|0.000|0.00|9,000
0101|TMCLIFE|0.740|0.740|0.745|+0.005|+0.68|1,457
0101WB|TMCLIFE-WB|0.025|0.025|0.025|0.000|0.00|1,685
8397|TNLOGIS|0.620|0.620|0.610|-0.010|-1.61|6,773
7218|TOCEAN|0.745|0.000|0.000|0.000|0.00|0
7230|TOMEI|0.540|0.520|0.550|+0.010|+1.85|133
7285|TOMYPAK|0.490|0.490|0.485|-0.005|-1.02|2,237
7285WA|TOMYPAK-WA|0.170|0.160|0.160|-0.010|-5.88|3,360
5010|TONGHER|3.540|3.560|3.560|+0.020|+0.56|610
7113|TOPGLOV|4.460|4.470|4.320|-0.140|-3.14|116,501
711333|TOPGLOV-C33|0.005|0.000|0.000|0.000|0.00|0
711340|TOPGLOV-C40|0.005|0.000|0.000|0.000|0.00|0
711341|TOPGLOV-C41|0.010|0.005|0.005|-0.005|-50.00|3,294
711342|TOPGLOV-C42|0.025|0.020|0.020|-0.005|-20.00|5,000
711343|TOPGLOV-C43|0.030|0.030|0.025|-0.005|-16.67|1,900
711344|TOPGLOV-C44|0.030|0.025|0.025|-0.005|-16.67|16,535
711345|TOPGLOV-C45|0.080|0.080|0.075|-0.005|-6.25|3,862
711346|TOPGLOV-C46|0.080|0.075|0.070|-0.010|-12.50|24,060
711347|TOPGLOV-C47|0.095|0.095|0.080|-0.015|-15.79|1,500
711348|TOPGLOV-C48|0.070|0.065|0.060|-0.010|-14.29|11,412
711349|TOPGLOV-C49|0.135|0.135|0.125|-0.010|-7.41|6,520
711350|TOPGLOV-C50|0.110|0.090|0.090|-0.020|-18.18|200
03013|TOPVISN|0.400|0.000|0.000|0.000|0.00|0
7173|TOYOINK|0.650|0.630|0.670|+0.020|+3.08|361
7173WB|TOYOINK-WB|0.095|0.090|0.095|0.000|0.00|2,539
7176|TPC|0.430|0.435|0.410|-0.020|-4.65|571
7176WA|TPC-WA|0.220|0.215|0.220|0.000|0.00|500
5054|TRC|0.570|0.585|0.645|+0.075|+13.16|384,614
0199|TRIMODE|0.415|0.415|0.420|+0.005|+1.20|150
0118|TRIVE|0.020|0.015|0.020|0.000|0.00|17,032
0118WB|TRIVE-WB|0.005|0.005|0.005|0.000|0.00|6,000
5401|TROP|0.890|0.880|0.885|-0.005|-0.56|790
5401WA|TROP-WA|0.025|0.025|0.030|+0.005|+20.00|4,001
9059|TSH|1.110|1.100|1.110|0.000|0.00|166
5042|TSRCAP|0.400|0.000|0.000|0.000|0.00|0
5042WB|TSRCAP-WB|0.055|0.035|0.045|-0.010|-18.18|1,566
5230|TUNEPRO|0.690|0.695|0.695|+0.005|+0.72|17,265
5167|TURBO|0.740|0.740|0.765|+0.025|+3.38|1,517
4359|TURIYA|0.155|0.160|0.170|+0.015|+9.68|3,199
5111|TWRREIT|0.895|0.895|0.895|0.000|0.00|60
7100|UCHITEC|2.700|2.700|2.680|-0.020|-0.74|1,452
7100CD|UCHITEC-CD|0.005|0.000|0.000|0.000|0.00|0
7100CE|UCHITEC-CE|0.025|0.000|0.000|0.000|0.00|0
7100CF|UCHITEC-CF|0.105|0.100|0.100|-0.005|-4.76|1,500
0005|UCREST|0.265|0.265|0.255|-0.010|-3.77|39,925
5148|UEMS|0.835|0.830|0.830|-0.005|-0.60|5,070
514864|UEMS-C64|0.040|0.000|0.000|0.000|0.00|0
514865|UEMS-C65|0.080|0.075|0.075|-0.005|-6.25|212
514866|UEMS-C66|0.065|0.060|0.060|-0.005|-7.69|1,000
7133|ULICORP|0.440|0.440|0.425|-0.015|-3.41|12,555
2593|UMCCA|5.500|5.510|5.500|0.000|0.00|128
7137|UMS|2.380|2.290|2.380|0.000|0.00|21
7227|UMSNGB|1.000|0.000|0.000|0.000|0.00|0
4588|UMW|5.700|5.650|5.670|-0.030|-0.53|30,136
458810|UMW-C10|0.005|0.000|0.000|0.000|0.00|0
458811|UMW-C11|0.035|0.000|0.000|0.000|0.00|0
458812|UMW-C12|0.210|0.000|0.000|0.000|0.00|0
458813|UMW-C13|0.190|0.190|0.200|+0.010|+5.26|4
458814|UMW-C14|0.195|0.000|0.000|0.000|0.00|0
458815|UMW-C15|0.195|0.185|0.200|+0.005|+2.56|1,100
458816|UMW-C16|0.110|0.000|0.000|0.000|0.00|0
458817|UMW-C17|0.110|0.110|0.110|0.000|0.00|1,800
4588C9|UMW-C9|0.025|0.000|0.000|0.000|0.00|0
7091|UNIMECH|1.160|1.150|1.150|-0.010|-0.86|3,377
5005|UNISEM|2.770|2.730|2.730|-0.040|-1.44|302
500511|UNISEM-C11|0.220|0.000|0.000|0.000|0.00|0
500512|UNISEM-C12|0.015|0.000|0.000|0.000|0.00|0
500513|UNISEM-C13|0.065|0.000|0.000|0.000|0.00|0
500514|UNISEM-C14|0.045|0.000|0.000|0.000|0.00|0
500515|UNISEM-C15|0.060|0.000|0.000|0.000|0.00|0
03017|UNIWALL|0.300|0.000|0.000|0.000|0.00|0
5200|UOADEV|2.180|2.180|2.190|+0.010|+0.46|5,040
5110|UOAREIT|1.370|1.350|1.370|0.000|0.00|4
7757|UPA|2.160|2.180|2.190|+0.030|+1.39|49
2089|UTDPLT|27.400|27.460|27.020|-0.380|-1.39|30
5754|UTUSAN|0.175|0.170|0.155|-0.020|-11.43|118
7250|UZMA|0.985|0.985|1.050|+0.065|+6.60|24,044
0060|VC|0.130|0.135|0.135|+0.005|+3.85|4,890
5243|VELESTO|0.305|0.310|0.305|0.000|0.00|989,410
524324|VELESTO-C24|0.215|0.000|0.000|0.000|0.00|0
524325|VELESTO-C25|0.020|0.025|0.025|+0.005|+25.00|5,000
524326|VELESTO-C26|0.105|0.000|0.000|0.000|0.00|0
524327|VELESTO-C27|0.110|0.115|0.115|+0.005|+4.55|21,550
5243WA|VELESTO-WA|0.110|0.110|0.115|+0.005|+4.55|188,062
4995|VERSATL|0.405|0.410|0.415|+0.010|+2.47|320
7240|VERTICE|0.860|0.860|0.865|+0.005|+0.58|1,975
7240WA|VERTICE-WA|0.475|0.460|0.460|-0.015|-3.16|529
0120|VIS|0.520|0.520|0.510|-0.010|-1.92|15,318
0120WB|VIS-WB|0.195|0.195|0.185|-0.010|-5.13|4,210
0097|VITROX|7.220|7.120|7.130|-0.090|-1.25|2,396
0097CL|VITROX-CL|0.045|0.000|0.000|0.000|0.00|0
0097CM|VITROX-CM|0.060|0.000|0.000|0.000|0.00|0
0069|VIVOCOM|0.015|0.020|0.020|+0.005|+33.33|22,792
0069WC|VIVOCOM-WC|0.005|0.000|0.000|0.000|0.00|0
0069WD|VIVOCOM-WD|0.005|0.005|0.005|0.000|0.00|1,000
0069WE|VIVOCOM-WE|0.005|0.010|0.010|+0.005|+100.00|500
7070|VIZIONE|0.980|0.970|0.965|-0.015|-1.53|20,256
7070LA|VIZIONE-LA|0.070|0.000|0.000|0.000|0.00|0
7070WC|VIZIONE-WC|0.400|0.370|0.370|-0.030|-7.50|300
6963|VS|1.000|1.010|1.000|0.000|0.00|199,605
696310|VS-C10|0.100|0.100|0.100|0.000|0.00|102,797
696311|VS-C11|0.205|0.000|0.000|0.000|0.00|0
696312|VS-C12|0.080|0.080|0.085|+0.005|+6.25|2,260
696313|VS-C13|0.105|0.105|0.105|0.000|0.00|36,900
6963C5|VS-C5|0.005|0.005|0.005|0.000|0.00|50
6963C6|VS-C6|0.005|0.000|0.000|0.000|0.00|0
6963C7|VS-C7|0.005|0.000|0.000|0.000|0.00|0
6963C8|VS-C8|0.175|0.000|0.000|0.000|0.00|0
6963C9|VS-C9|0.140|0.135|0.135|-0.005|-3.57|6,200
0066|VSOLAR|0.215|0.215|0.205|-0.010|-4.65|247,269
5162|VSTECS|0.990|1.000|0.990|0.000|0.00|250
7203|WANGZNG|1.110|1.090|1.120|+0.010|+0.90|180
5016|WARISAN|2.130|2.100|2.100|-0.030|-1.41|2
5142|WASEONG|0.770|0.765|0.785|+0.015|+1.95|10,269
7226|WATTA|0.840|0.835|0.835|-0.005|-0.60|331
3565|WCEHB|0.575|0.585|0.570|-0.005|-0.87|11,688
9679|WCT|0.845|0.845|0.840|-0.005|-0.59|10,051
967914|WCT-C14|0.010|0.000|0.000|0.000|0.00|0
967915|WCT-C15|0.015|0.000|0.000|0.000|0.00|0
967916|WCT-C16|0.040|0.000|0.000|0.000|0.00|0
9679WE|WCT-WE|0.075|0.075|0.075|0.000|0.00|12,102
0197|WEGMANS|0.315|0.315|0.320|+0.005|+1.59|1,756
0197WA|WEGMANS-WA|0.135|0.135|0.135|0.000|0.00|2,864
7231|WELLCAL|1.270|1.280|1.290|+0.020|+1.57|100
0162|WIDAD|0.325|0.325|0.320|-0.005|-1.54|42,188
0162WA|WIDAD-WA|0.120|0.120|0.120|0.000|0.00|5,768
7692|WIDETEC|0.560|0.000|0.000|0.000|0.00|0
0008|WILLOW|0.455|0.445|0.450|-0.005|-1.10|2,490
0141|WINTONI|0.035|0.000|0.000|0.000|0.00|0
6378|WMG|0.120|0.125|0.125|+0.005|+4.17|416
7050|WONG|0.580|0.580|0.580|0.000|0.00|50
7025|WOODLAN|0.750|0.730|0.730|-0.020|-2.67|75
5246|WPRTS|3.750|3.700|3.770|+0.020|+0.53|2,141
5246CX|WPRTS-CX|0.050|0.000|0.000|0.000|0.00|0
5246CY|WPRTS-CY|0.140|0.000|0.000|0.000|0.00|0
5009|WTHORSE|1.240|0.000|0.000|0.000|0.00|0
4243|WTK|0.640|0.635|0.630|-0.010|-1.56|11,850
7245|WZSATU|0.325|0.320|0.320|-0.005|-1.54|6,237
7245WA|WZSATU-WA|0.120|0.120|0.120|0.000|0.00|2,000
5156|XDL|0.100|0.095|0.095|-0.005|-5.00|99,249
5156WD|XDL-WD|0.020|0.015|0.020|0.000|0.00|1,907
7121|XIANLNG|0.460|0.435|0.435|-0.025|-5.43|270
0581C1|XIAOMI-C1|0.025|0.020|0.020|-0.005|-20.00|200
0581C2|XIAOMI-C2|0.190|0.185|0.180|-0.010|-5.26|6,086
0095|XINGHE|0.035|0.030|0.035|0.000|0.00|32,512
0095WA|XINGHE-WA|0.005|0.000|0.000|0.000|0.00|0
5267|XINHWA|0.855|0.840|0.865|+0.010|+1.17|5,926
5155|XINQUAN|0.055|0.000|0.000|0.000|0.00|0
5155WA|XINQUAN-WA|0.005|0.000|0.000|0.000|0.00|0
5155WB|XINQUAN-WB|0.015|0.000|0.000|0.000|0.00|0
0165|XOX|0.050|0.050|0.050|0.000|0.00|16,950
7003|Y&G|0.910|0.000|0.000|0.000|0.00|0
7003WA|Y&G-WA|0.100|0.000|0.000|0.000|0.00|0
0025|YBS|0.145|0.140|0.140|-0.005|-3.45|1,510
5584|YEELEE|1.870|1.880|1.910|+0.040|+2.14|540
7122|YFG|0.005|0.000|0.000|0.000|0.00|0
0086|YGL|0.120|0.115|0.115|-0.005|-4.17|2,546
5048|YILAI|0.625|0.000|0.000|0.000|0.00|0
7293|YINSON|4.430|4.430|4.480|+0.050|+1.13|3,075
7293CT|YINSON-CT|0.040|0.030|0.030|-0.010|-25.00|1,000
7293CU|YINSON-CU|0.075|0.000|0.000|0.000|0.00|0
7293CV|YINSON-CV|0.055|0.000|0.000|0.000|0.00|0
7293CW|YINSON-CW|0.150|0.000|0.000|0.000|0.00|0
7020|YKGI|0.110|0.105|0.110|0.000|0.00|8,062
7020WB|YKGI-WB|0.020|0.015|0.020|0.000|0.00|3,261
7014|YLI|0.280|0.280|0.280|0.000|0.00|10
3158|YNHPROP|1.160|1.160|1.190|+0.030|+2.59|81,734
5159|YOCB|1.180|1.170|1.160|-0.020|-1.69|510
7066|YONGTAI|0.350|0.355|0.350|0.000|0.00|39,880
7066PA|YONGTAI-PA|0.200|0.200|0.195|-0.005|-2.50|2,210
7066WA|YONGTAI-WA|0.100|0.095|0.100|0.000|0.00|3,361
7178|YSPSAH|2.830|2.830|2.870|+0.040|+1.41|315
4677|YTL|1.040|1.040|1.050|+0.010|+0.96|30,072
467722|YTL-C22|0.050|0.000|0.000|0.000|0.00|0
467723|YTL-C23|0.065|0.055|0.055|-0.010|-15.38|100
467724|YTL-C24|0.150|0.000|0.000|0.000|0.00|0
2577|YTLLAND|0.400|0.395|0.390|-0.010|-2.50|1,410
2577LA|YTLLAND-LA|0.365|0.000|0.000|0.000|0.00|0
6742|YTLPOWR|0.865|0.860|0.865|0.000|0.00|9,318
6742C5|YTLPOWR-C5|0.005|0.000|0.000|0.000|0.00|0
6742C6|YTLPOWR-C6|0.055|0.000|0.000|0.000|0.00|0
6742C7|YTLPOWR-C7|0.150|0.000|0.000|0.000|0.00|0
5109|YTLREIT|1.280|1.280|1.260|-0.020|-1.56|1,705
7028|ZECON|0.245|0.250|0.265|+0.020|+8.16|30,787
2283|ZELAN|0.080|0.080|0.100|+0.020|+25.00|258,945
5131|ZHULIAN|1.370|1.370|1.360|-0.010|-0.73|384
0012|3A|0.850|0.850|0.850|0.000|0.00|500
