070322|A50CHIN-C22|0.130|0.145|0.140|+0.010|+7.69|43,298
070324|A50CHIN-C24|0.630|0.705|0.685|+0.055|+8.73|700
070326|A50CHIN-C26|0.430|0.000|0.000|0.000|0.00|0
070328|A50CHIN-C28|0.215|0.230|0.220|+0.005|+2.33|16,774
070330|A50CHIN-C30|0.280|0.300|0.290|+0.010|+3.57|146,974
070332|A50CHIN-C32|0.780|0.690|0.690|-0.090|-11.54|100
070334|A50CHIN-C34|0.970|0.915|0.880|-0.090|-9.28|111
070336|A50CHIN-C36|0.475|0.505|0.495|+0.020|+4.21|6,827
070321|A50CHIN-H21|0.050|0.000|0.000|0.000|0.00|0
070323|A50CHIN-H23|0.005|0.000|0.000|0.000|0.00|0
070325|A50CHIN-H25|0.035|0.000|0.000|0.000|0.00|0
070327|A50CHIN-H27|0.090|0.080|0.100|+0.010|+11.11|5,476
7054|AASIA|0.145|0.145|0.145|0.000|0.00|350
5238|AAX|0.250|0.250|0.250|0.000|0.00|20,980
523820|AAX-C20|0.005|0.000|0.000|0.000|0.00|0
523821|AAX-C21|0.005|0.000|0.000|0.000|0.00|0
5238WA|AAX-WA|0.050|0.050|0.055|+0.005|+10.00|36,929
0800EA|ABFMY1|1.170|0.000|0.000|0.000|0.00|0
7086|ABLEGRP|0.075|0.000|0.000|0.000|0.00|0
2488|ABMB|4.120|4.130|4.140|+0.020|+0.49|5,271
2488CY|ABMB-CY|0.100|0.000|0.000|0.000|0.00|0
7131|ACME|0.250|0.000|0.000|0.000|0.00|0
7120|ACOSTEC|0.450|0.445|0.445|-0.005|-1.11|17,214
5281|ADVCON|0.400|0.405|0.390|-0.010|-2.50|21,631
7191|ADVENTA|0.355|0.355|0.355|0.000|0.00|200
9148|ADVPKG|1.900|1.900|1.900|0.000|0.00|51
7146|AEM|0.110|0.115|0.115|+0.005|+4.55|300
7146WA|AEM-WA|0.005|0.005|0.005|0.000|0.00|500
0181|AEMULUS|0.240|0.240|0.245|+0.005|+2.08|29,061
6599|AEON|1.560|1.580|1.580|+0.020|+1.28|9,701
6599CO|AEON-CO|0.050|0.050|0.045|-0.005|-10.00|8,350
6599CP|AEON-CP|0.050|0.000|0.000|0.000|0.00|0
6599CQ|AEON-CQ|0.030|0.000|0.000|0.000|0.00|0
5139|AEONCR|16.880|17.280|16.980|+0.100|+0.59|2,017
5139LA|AEONCR-LA|1.550|0.000|0.000|0.000|0.00|0
5185|AFFIN|2.260|2.250|2.250|-0.010|-0.44|1,094
5198|AFUJIYA|0.520|0.510|0.525|+0.005|+0.96|1,980
7315|AHB|0.130|0.125|0.135|+0.005|+3.85|31
7315WB|AHB-WB|0.005|0.005|0.005|0.000|0.00|3,500
7090|AHEALTH|9.360|9.360|9.210|-0.150|-1.60|593
4952|AHP|0.750|0.750|0.740|-0.010|-1.33|102
0122|AIM|0.280|0.000|0.000|0.000|0.00|0
5099|AIRASIA|2.770|2.770|2.740|-0.030|-1.08|48,540
509959|AIRASIAC59|0.025|0.000|0.000|0.000|0.00|0
509967|AIRASIAC67|0.090|0.095|0.085|-0.005|-5.56|1,500
509968|AIRASIAC68|0.005|0.000|0.000|0.000|0.00|0
509969|AIRASIAC69|0.035|0.000|0.000|0.000|0.00|0
509970|AIRASIAC70|0.020|0.015|0.015|-0.005|-25.00|100
509971|AIRASIAC71|0.085|0.085|0.080|-0.005|-5.88|8,260
509972|AIRASIAC72|0.200|0.190|0.185|-0.015|-7.50|3,700
509973|AIRASIAC73|0.210|0.220|0.220|+0.010|+4.76|4,000
509974|AIRASIAC74|0.310|0.000|0.000|0.000|0.00|0
509975|AIRASIAC75|0.140|0.000|0.000|0.000|0.00|0
509976|AIRASIAC76|0.065|0.065|0.065|0.000|0.00|2,000
509977|AIRASIAC77|0.090|0.085|0.075|-0.015|-16.67|12,404
509978|AIRASIAC78|0.105|0.105|0.105|0.000|0.00|9,204
509979|AIRASIAC79|0.050|0.050|0.050|0.000|0.00|2,400
509980|AIRASIAC80|0.055|0.050|0.050|-0.005|-9.09|18,400
5014|AIRPORT|7.660|7.610|7.740|+0.080|+1.04|23,105
5014C2|AIRPORT-C2|0.025|0.000|0.000|0.000|0.00|0
5014C3|AIRPORT-C3|0.035|0.000|0.000|0.000|0.00|0
5014C4|AIRPORT-C4|0.045|0.045|0.045|0.000|0.00|1,500
5014C5|AIRPORT-C5|0.060|0.050|0.055|-0.005|-8.33|2,187
5014C6|AIRPORT-C6|0.160|0.115|0.115|-0.045|-28.13|800
5014C7|AIRPORT-C7|0.095|0.000|0.000|0.000|0.00|0
2682|AISB|0.260|0.000|0.000|0.000|0.00|0
2658|AJI|18.500|18.520|18.500|0.000|0.00|314
7609|AJIYA|0.535|0.535|0.545|+0.010|+1.87|1,600
7609WA|AJIYA-WA|0.095|0.095|0.095|0.000|0.00|345
5115|ALAM|0.110|0.115|0.125|+0.015|+13.64|276,657
5116|ALAQAR|1.370|1.360|1.350|-0.020|-1.46|161
2674|ALCOM|0.520|0.520|0.520|0.000|0.00|150
1163|ALLIANZ|14.260|14.460|14.300|+0.040|+0.28|548
1163PA|ALLIANZ-PA|14.300|0.000|0.000|0.000|0.00|0
5269|ALSREIT|0.850|0.840|0.845|-0.005|-0.59|1,770
1015|AMBANK|4.460|4.500|4.500|+0.040|+0.90|18,383
101510|AMBANK-C10|0.170|0.000|0.000|0.000|0.00|0
101511|AMBANK-C11|0.180|0.000|0.000|0.000|0.00|0
101512|AMBANK-C12|0.135|0.000|0.000|0.000|0.00|0
101513|AMBANK-C13|0.095|0.000|0.000|0.000|0.00|0
0159|AMEDIA|0.165|0.165|0.165|0.000|0.00|1,320
5120|AMFIRST|0.530|0.530|0.530|0.000|0.00|349
03011|AMLEX|0.180|0.000|0.000|0.000|0.00|0
1007|AMPROP|0.520|0.515|0.510|-0.010|-1.92|630
1007PA|AMPROP-PA|0.245|0.250|0.245|0.000|0.00|47
1007PB|AMPROP-PB|0.580|0.000|0.000|0.000|0.00|0
7051|AMTEK|0.120|0.105|0.115|-0.005|-4.17|2,207
7031|AMTEL|0.665|0.000|0.000|0.000|0.00|0
5959|AMVERTON|1.020|1.010|1.000|-0.020|-1.96|73
6351|AMWAY|6.140|6.160|6.140|0.000|0.00|244
7083|ANALABS|1.200|0.000|0.000|0.000|0.00|0
4758|ANCOM|0.490|0.490|0.480|-0.010|-2.04|622
0048|ANCOMLB|0.085|0.085|0.080|-0.005|-5.88|3,658
6556|ANNJOO|1.580|1.580|1.580|0.000|0.00|4,872
6556PA|ANNJOO-PA|0.500|0.510|0.510|+0.010|+2.00|100
9342|ANZO|0.040|0.035|0.035|-0.005|-12.50|2,970
9342WA|ANZO-WA|0.005|0.000|0.000|0.000|0.00|0
9342WB|ANZO-WB|0.025|0.000|0.000|0.000|0.00|0
9342WC|ANZO-WC|0.005|0.000|0.000|0.000|0.00|0
5568|APB|0.730|0.000|0.000|0.000|0.00|0
5088|APEX|1.010|0.990|0.990|-0.020|-1.98|50
5194|APFT|0.020|0.020|0.015|-0.005|-25.00|8,765
5015|APM|3.100|3.100|3.100|0.000|0.00|50
6432|APOLLO|3.850|3.860|3.860|+0.010|+0.26|10
0119|APPASIA|0.085|0.085|0.090|+0.005|+5.88|281
0119WA|APPASIA-WA|0.035|0.035|0.035|0.000|0.00|9,200
7214|ARANK|0.515|0.515|0.520|+0.005|+0.97|623
7007|ARK|0.500|0.000|0.000|0.000|0.00|0
7007WB|ARK-WB|0.090|0.000|0.000|0.000|0.00|0
5210|ARMADA|0.165|0.165|0.190|+0.025|+15.15|1,914,827
521040|ARMADA-C40|0.005|0.000|0.000|0.000|0.00|0
521043|ARMADA-C43|0.005|0.000|0.000|0.000|0.00|0
521045|ARMADA-C45|0.005|0.000|0.000|0.000|0.00|0
521046|ARMADA-C46|0.005|0.000|0.000|0.000|0.00|0
521047|ARMADA-C47|0.005|0.000|0.000|0.000|0.00|0
521048|ARMADA-C48|0.005|0.000|0.000|0.000|0.00|0
521049|ARMADA-C49|0.005|0.005|0.005|0.000|0.00|30,000
521050|ARMADA-C50|0.015|0.000|0.000|0.000|0.00|0
5127|ARREIT|0.850|0.850|0.850|0.000|0.00|907
1481|ASB|0.130|0.130|0.125|-0.005|-3.85|10,557
0068|ASDION|0.260|0.260|0.275|+0.015|+5.77|40,812
0068WB|ASDION-WB|0.005|0.000|0.000|0.000|0.00|0
7722|ASIABRN|0.490|0.000|0.000|0.000|0.00|0
7129|ASIAFLE|2.550|2.550|2.550|0.000|0.00|50
4057|ASIAPAC|0.115|0.115|0.115|0.000|0.00|3,685
4057LC|ASIAPAC-LC|0.600|0.000|0.000|0.000|0.00|0
4057WB|ASIAPAC-WB|0.055|0.000|0.000|0.000|0.00|0
0105|ASIAPLY|0.080|0.075|0.080|0.000|0.00|10,001
0105PA|ASIAPLY-PA|0.035|0.000|0.000|0.000|0.00|0
0105WA|ASIAPLY-WA|0.020|0.015|0.015|-0.005|-25.00|229
0105WB|ASIAPLY-WB|0.025|0.025|0.025|0.000|0.00|18
7162|ASTINO|0.650|0.650|0.650|0.000|0.00|4
6399|ASTRO|1.590|1.580|1.540|-0.050|-3.14|21,766
639910|ASTRO-C10|0.125|0.120|0.120|-0.005|-4.00|4,000
639911|ASTRO-C11|0.110|0.000|0.000|0.000|0.00|0
639912|ASTRO-C12|0.095|0.090|0.090|-0.005|-5.26|800
639913|ASTRO-C13|0.090|0.000|0.000|0.000|0.00|0
639914|ASTRO-C14|0.080|0.000|0.000|0.000|0.00|0
0072|AT|0.050|0.050|0.050|0.000|0.00|972
0072WB|AT-WB|0.005|0.000|0.000|0.000|0.00|0
8176|ATAIMS|1.730|1.720|1.700|-0.030|-1.73|3,256
7048|ATLAN|4.380|4.300|4.380|0.000|0.00|27
5130|ATRIUM|1.110|1.120|1.120|+0.010|+0.90|1,750
7099|ATTA|0.690|0.680|0.655|-0.035|-5.07|280
7099LA|ATTA-LA|0.085|0.080|0.085|0.000|0.00|1,819
7099PA|ATTA-PA|0.145|0.135|0.130|-0.015|-10.34|1,000
7099WB|ATTA-WB|0.090|0.000|0.000|0.000|0.00|0
7099WC|ATTA-WC|0.095|0.000|0.000|0.000|0.00|0
7181|ATURMJU|0.385|0.395|0.380|-0.005|-1.30|54,493
7181PA|ATURMJU-PA|0.130|0.125|0.130|0.000|0.00|43,400
8885|AVI|0.240|0.235|0.240|0.000|0.00|260
7579|AWC|0.760|0.755|0.785|+0.025|+3.29|36,056
7579WA|AWC-WA|0.205|0.200|0.250|+0.045|+21.95|32,356
6888|AXIATA|4.080|4.040|4.060|-0.020|-0.49|31,200
688828|AXIATA-C28|0.020|0.000|0.000|0.000|0.00|0
688829|AXIATA-C29|0.005|0.000|0.000|0.000|0.00|0
688830|AXIATA-C30|0.040|0.000|0.000|0.000|0.00|0
688831|AXIATA-C31|0.040|0.000|0.000|0.000|0.00|0
688832|AXIATA-C32|0.110|0.000|0.000|0.000|0.00|0
688833|AXIATA-C33|0.165|0.160|0.160|-0.005|-3.03|300
688834|AXIATA-C34|0.165|0.165|0.160|-0.005|-3.03|4
688835|AXIATA-C35|0.155|0.000|0.000|0.000|0.00|0
688836|AXIATA-C36|0.175|0.175|0.175|0.000|0.00|1,999
688837|AXIATA-C37|0.075|0.000|0.000|0.000|0.00|0
5106|AXREIT|1.740|1.750|1.730|-0.010|-0.57|1,640
2305|AYER|4.500|0.000|0.000|0.000|0.00|0
5021|AYS|0.340|0.340|0.345|+0.005|+1.47|738
7078|AZRB|0.470|0.470|0.475|+0.005|+1.06|21,800
7078WA|AZRB-WA|0.215|0.200|0.210|-0.005|-2.33|3,049
0098|BAHVEST|0.660|0.665|0.670|+0.010|+1.52|61,710
0098WA|BAHVEST-WA|0.395|0.405|0.400|+0.005|+1.27|18,016
7251|BARAKAH|0.100|0.105|0.105|+0.005|+5.00|172,307
4162|BAT|33.880|33.520|34.480|+0.600|+1.77|3,576
4162CM|BAT-CM|0.065|0.065|0.070|+0.005|+7.69|1,988
4162CN|BAT-CN|0.130|0.000|0.000|0.000|0.00|0
4162CO|BAT-CO|0.070|0.070|0.075|+0.005|+7.14|16
5248|BAUTO|2.200|2.230|2.220|+0.020|+0.91|23,146
5248C1|BAUTO-C1|0.070|0.065|0.065|-0.005|-7.14|3,302
5248CY|BAUTO-CY|0.125|0.115|0.115|-0.010|-8.00|1,000
5248CZ|BAUTO-CZ|0.170|0.175|0.170|0.000|0.00|977
6602|BCB|0.280|0.280|0.280|0.000|0.00|1,442
0187|BCMALL|0.195|0.195|0.195|0.000|0.00|8,600
6173|BDB|0.340|0.340|0.345|+0.005|+1.47|126
5190|BENALEC|0.195|0.185|0.190|-0.005|-2.56|6,922
9814|BERTAM|0.280|0.000|0.000|0.000|0.00|0
8133|BHIC|1.270|1.250|1.240|-0.030|-2.36|132
7005|BIG|0.430|0.440|0.450|+0.020|+4.65|1,918
5258|BIMB|4.220|4.220|4.200|-0.020|-0.47|27,611
5258WA|BIMB-WA|0.240|0.235|0.245|+0.005|+2.08|9,568
0195|BINACOM|0.400|0.400|0.400|0.000|0.00|4,326
6998|BINTAI|0.135|0.130|0.130|-0.005|-3.70|1,820
6998WA|BINTAI-WA|0.050|0.000|0.000|0.000|0.00|0
0179|BIOHLDG|0.200|0.205|0.200|0.000|0.00|4,333
0179WA|BIOHLDG-WA|0.080|0.080|0.085|+0.005|+6.25|3,000
7243|BIOOSMO|0.055|0.055|0.055|0.000|0.00|20,413
5032|BIPORT|4.600|4.600|4.620|+0.020|+0.43|140
3239|BJASSET|0.315|0.310|0.315|0.000|0.00|8,335
3239WB|BJASSET-WB|0.065|0.060|0.065|0.000|0.00|560
3395|BJCORP|0.270|0.275|0.270|0.000|0.00|132,163
339510|BJCORP-C10|0.010|0.000|0.000|0.000|0.00|0
339511|BJCORP-C11|0.025|0.000|0.000|0.000|0.00|0
3395LD|BJCORP-LD|0.345|0.000|0.000|0.000|0.00|0
3395LE|BJCORP-LE|0.385|0.000|0.000|0.000|0.00|0
3395WB|BJCORP-WB|0.045|0.045|0.045|0.000|0.00|5,054
3395WC|BJCORP-WC|0.075|0.075|0.070|-0.005|-6.67|6,055
5196|BJFOOD|1.500|1.500|1.490|-0.010|-0.67|5,055
4219|BJLAND|0.275|0.275|0.280|+0.005|+1.82|5,358
6025|BJMEDIA|0.175|0.000|0.000|0.000|0.00|0
1562|BJTOTO|2.330|2.330|2.290|-0.040|-1.72|29,393
1562CW|BJTOTO-CW|0.065|0.060|0.060|-0.005|-7.69|12,100
1562CX|BJTOTO-CX|0.095|0.090|0.080|-0.015|-15.79|6
1899|BKAWAN|17.180|17.200|17.200|+0.020|+0.12|40
5069|BLDPLNT|6.960|0.000|0.000|0.000|0.00|0
0508C5|BOC-C5|0.100|0.130|0.130|+0.030|+30.00|32,000
0168|BOILERM|0.545|0.550|0.550|+0.005|+0.92|469
9288|BONIA|0.255|0.250|0.255|0.000|0.00|791
7036|BORNOIL|0.045|0.040|0.045|0.000|0.00|77,650
7036WC|BORNOIL-WC|0.020|0.015|0.020|0.000|0.00|1,360
7036WD|BORNOIL-WD|0.020|0.015|0.020|0.000|0.00|4,798
6297|BOXPAK|1.090|1.090|1.090|0.000|0.00|199
6297WA|BOXPAK-WA|0.175|0.000|0.000|0.000|0.00|0
5254|BPLANT|0.795|0.795|0.800|+0.005|+0.63|1,472
5100|BPPLAS|1.140|1.140|1.160|+0.020|+1.75|5,872
5932|BPURI|0.185|0.185|0.185|0.000|0.00|39,349
9474|BRAHIMS|0.140|0.140|0.185|+0.045|+32.14|320,867
8761|BREM|0.750|0.750|0.750|0.000|0.00|1,000
9938|BRIGHT|0.180|0.180|0.185|+0.005|+2.78|936
7221|BSLCORP|0.335|0.330|0.315|-0.020|-5.97|345
2771|BSTEAD|1.320|1.330|1.350|+0.030|+2.27|461
0011|BTECH|0.300|0.295|0.315|+0.015|+5.00|7,613
7188|BTM|0.120|0.105|0.115|-0.005|-4.17|768
7188WA|BTM-WA|0.015|0.010|0.015|0.000|0.00|1,962
7188WB|BTM-WB|0.040|0.000|0.000|0.000|0.00|0
1818|BURSA|6.980|7.000|6.900|-0.080|-1.15|11,331
181820|BURSA-C20|0.005|0.000|0.000|0.000|0.00|0
181821|BURSA-C21|0.085|0.080|0.075|-0.010|-11.76|2
181822|BURSA-C22|0.060|0.000|0.000|0.000|0.00|0
181823|BURSA-C23|0.050|0.055|0.045|-0.005|-10.00|3,993
7174|CAB|0.585|0.590|0.600|+0.015|+2.56|1,509
7174WA|CAB-WA|0.400|0.405|0.405|+0.005|+1.25|40
0191|CABNET|0.310|0.310|0.310|0.000|0.00|1,497
0191WA|CABNET-WA|0.055|0.000|0.000|0.000|0.00|0
7154|CAELY|0.950|0.000|0.000|0.000|0.00|0
7154WA|CAELY-WA|0.555|0.560|0.555|0.000|0.00|152
7128|CAMRES|0.250|0.000|0.000|0.000|0.00|0
5105|CANONE|2.760|2.760|2.770|+0.010|+0.36|4,867
5229|CAP|0.010|0.000|0.000|0.000|0.00|0
0163|CAREPLS|0.170|0.170|0.165|-0.005|-2.94|2,170
5257|CARIMIN|0.775|0.785|0.800|+0.025|+3.23|89,385
5245|CARING|1.940|1.940|1.960|+0.020|+1.03|350
2836|CARLSBG|25.740|25.600|25.800|+0.060|+0.23|2,726
7076|CBIP|1.050|1.060|1.050|0.000|0.00|751
7076WA|CBIP-WA|0.010|0.010|0.015|+0.005|+50.00|4,079
2925|CCB|1.540|1.580|1.580|+0.040|+2.60|10
7035|CCK|0.620|0.625|0.625|+0.005|+0.81|15,638
7035WA|CCK-WA|0.120|0.125|0.120|0.000|0.00|6,206
2879|CCM|1.980|1.980|1.980|0.000|0.00|171
5195|CENSOF|0.145|0.145|0.145|0.000|0.00|2,630
5195WB|CENSOF-WB|0.005|0.005|0.005|0.000|0.00|16,010
8982|CEPAT|0.600|0.590|0.600|0.000|0.00|160
8435|CEPCO|0.630|0.000|0.000|0.000|0.00|0
8044|CFM|1.350|0.000|0.000|0.000|0.00|0
0579C1|CGARDEN-C1|0.100|0.110|0.110|+0.010|+10.00|27,000
7209|CHEETAH|0.310|0.000|0.000|0.000|0.00|0
7187|CHGP|0.350|0.350|0.350|0.000|0.00|70
7187WA|CHGP-WA|0.175|0.000|0.000|0.000|0.00|0
5738|CHHB|1.480|1.490|1.490|+0.010|+0.68|231
5738WB|CHHB-WB|0.410|0.000|0.000|0.000|0.00|0
0829EA|CHINAETF-MYR|5.630|5.670|5.750|+0.120|+2.13|354
0829EB|CHINAETF-USD|1.275|0.000|0.000|0.000|0.00|0
5273|CHINHIN|0.800|0.800|0.800|0.000|0.00|5,264
1929|CHINTEK|6.800|6.800|6.520|-0.280|-4.12|10
5007|CHINWEL|1.800|1.800|1.800|0.000|0.00|510
0501CG|CHMOBIL-CG|0.145|0.170|0.175|+0.030|+20.69|10,740
5797|CHOOBEE|1.600|1.600|1.620|+0.020|+1.25|30
7016|CHUAN|0.395|0.395|0.395|0.000|0.00|270
8052|CICB|0.590|0.000|0.000|0.000|0.00|0
2828|CIHLDG|1.450|0.000|0.000|0.000|0.00|0
1023|CIMB|5.280|5.300|5.370|+0.090|+1.70|142,256
102340|CIMB-C40|0.025|0.000|0.000|0.000|0.00|0
102341|CIMB-C41|0.075|0.000|0.000|0.000|0.00|0
102342|CIMB-C42|0.050|0.000|0.000|0.000|0.00|0
102343|CIMB-C43|0.025|0.000|0.000|0.000|0.00|0
102344|CIMB-C44|0.035|0.035|0.035|0.000|0.00|6,000
102345|CIMB-C45|0.065|0.065|0.065|0.000|0.00|15,920
102346|CIMB-C46|0.085|0.075|0.075|-0.010|-11.76|9,998
102347|CIMB-C47|0.075|0.000|0.000|0.000|0.00|0
0822EA|CIMBA40|1.870|1.865|1.865|-0.005|-0.27|2
0823EA|CIMBC50|1.585|1.600|1.610|+0.025|+1.58|350
7117|CJCEN|0.450|0.445|0.445|-0.005|-1.11|4,315
0514C3|CKHUTCH-C3|0.075|0.000|0.000|0.000|0.00|0
03001|CLOUD|0.300|0.000|0.000|0.000|0.00|0
7018|CME|0.040|0.000|0.000|0.000|0.00|0
7018LA|CME-LA|0.020|0.000|0.000|0.000|0.00|0
7018WA|CME-WA|0.025|0.000|0.000|0.000|0.00|0
5180|CMMT|1.120|1.120|1.120|0.000|0.00|6,613
2852|CMSB|3.260|3.300|3.330|+0.070|+2.15|12,078
285214|CMSB-C14|0.085|0.000|0.000|0.000|0.00|0
285215|CMSB-C15|0.120|0.120|0.125|+0.005|+4.17|3,941
7986|CNASIA|0.435|0.000|0.000|0.000|0.00|0
5104|CNI|0.070|0.075|0.075|+0.005|+7.14|2
5188|CNOUHUA|0.055|0.050|0.050|-0.005|-9.09|6,000
5071|COASTAL|1.250|1.250|1.280|+0.030|+2.40|1,616
7205|COCOLND|2.040|2.040|2.020|-0.020|-0.98|132
7195|COMCORP|0.100|0.110|0.110|+0.010|+10.00|1,627
2127|COMFORT|0.810|0.810|0.820|+0.010|+1.23|2,862
5136|COMPLET|0.880|0.880|0.890|+0.010|+1.14|790
5037|COMPUGT|0.030|0.025|0.025|-0.005|-16.67|48,000
0102|CONNECT|0.110|0.110|0.110|0.000|0.00|431
0102PA|CONNECT-PA|0.030|0.000|0.000|0.000|0.00|0
0102WA|CONNECT-WA|0.025|0.000|0.000|0.000|0.00|0
0102WB|CONNECT-WB|0.025|0.000|0.000|0.000|0.00|0
8591|CRESBLD|1.050|1.050|1.030|-0.020|-1.90|5,542
6718|CRESNDO|1.270|1.250|1.250|-0.020|-1.57|10
03016|CRG|0.045|0.045|0.045|0.000|0.00|100
7202|CSCENIC|1.130|1.130|1.130|0.000|0.00|50
5094|CSCSTEL|1.080|1.080|1.080|0.000|0.00|2,669
5214|CSL|0.010|0.000|0.000|0.000|0.00|0
0051|CUSCAPI|0.195|0.195|0.190|-0.005|-2.56|72,099
5049|CVIEW|1.510|0.000|0.000|0.000|0.00|0
9423|CWG|0.415|0.000|0.000|0.000|0.00|0
7157|CYL|0.470|0.435|0.435|-0.035|-7.45|40
5082|CYMAO|0.345|0.000|0.000|0.000|0.00|0
5184|CYPARK|1.710|1.740|1.720|+0.010|+0.58|2,191
7204|D&O|0.700|0.700|0.695|-0.005|-0.71|50,309
8125|DAIBOCI|1.570|1.580|1.580|+0.010|+0.64|3,734
8125WB|DAIBOCI-WB|0.120|0.120|0.130|+0.010|+8.33|958
5355|DAIMAN|2.990|0.000|0.000|0.000|0.00|0
5276|DANCO|0.610|0.610|0.670|+0.060|+9.84|109,566
5276WA|DANCO-WA|0.360|0.360|0.430|+0.070|+19.44|115,536
8338|DATAPRP|0.210|0.210|0.220|+0.010|+4.76|5,281
0091|DAYA|0.005|0.005|0.005|0.000|0.00|2,160
5141|DAYANG|1.520|1.590|1.650|+0.130|+8.55|377,399
7179|DBE|0.030|0.030|0.030|0.000|0.00|1,010
7179WB|DBE-WB|0.010|0.000|0.000|0.000|0.00|0
3484|DBHD|0.480|0.490|0.530|+0.050|+10.42|123,246
3484WA|DBHD-WA|0.095|0.095|0.105|+0.010|+10.53|61,282
7119|DEGEM|1.050|0.000|0.000|0.000|0.00|0
5132|DELEUM|1.100|1.060|1.080|-0.020|-1.82|3,182
7212|DESTINI|0.215|0.215|0.220|+0.005|+2.33|23,495
0152|DGB|0.125|0.120|0.125|0.000|0.00|4,300
0152WB|DGB-WB|0.030|0.030|0.030|0.000|0.00|2,100
0131|DGSB|0.085|0.085|0.085|0.000|0.00|4,180
7277|DIALOG|3.170|3.200|3.190|+0.020|+0.63|67,120
727733|DIALOG-C33|0.005|0.000|0.000|0.000|0.00|0
727735|DIALOG-C35|0.005|0.000|0.000|0.000|0.00|0
727736|DIALOG-C36|0.055|0.000|0.000|0.000|0.00|0
727737|DIALOG-C37|0.045|0.000|0.000|0.000|0.00|0
727738|DIALOG-C38|0.040|0.000|0.000|0.000|0.00|0
727739|DIALOG-C39|0.050|0.000|0.000|0.000|0.00|0
727740|DIALOG-C40|0.110|0.110|0.110|0.000|0.00|5,200
727741|DIALOG-C41|0.095|0.100|0.100|+0.005|+5.26|61,575
727742|DIALOG-C42|0.135|0.000|0.000|0.000|0.00|0
727743|DIALOG-C43|0.150|0.000|0.000|0.000|0.00|0
727744|DIALOG-C44|0.075|0.075|0.075|0.000|0.00|775
6947|DIGI|4.510|4.520|4.530|+0.020|+0.44|8,388
694724|DIGI-C24|0.035|0.000|0.000|0.000|0.00|0
694725|DIGI-C25|0.105|0.000|0.000|0.000|0.00|0
694726|DIGI-C26|0.115|0.000|0.000|0.000|0.00|0
694727|DIGI-C27|0.105|0.000|0.000|0.000|0.00|0
694728|DIGI-C28|0.050|0.000|0.000|0.000|0.00|0
0029|DIGISTA|0.045|0.045|0.045|0.000|0.00|3,089
0029WB|DIGISTA-WB|0.015|0.000|0.000|0.000|0.00|0
0400GA|DIN040000223|99.500|0.000|0.000|0.000|0.00|0
0400GC|DIN042300721|100.500|0.000|0.000|0.000|0.00|0
0400GB|DIN045801028|100.700|0.000|0.000|0.000|0.00|0
7528|DKLS|1.710|1.730|1.730|+0.020|+1.17|10
5908|DKSH|2.460|2.470|2.430|-0.030|-1.22|1,072
3026|DLADY|63.600|63.700|63.700|+0.100|+0.16|3
4456|DNEX|0.275|0.280|0.285|+0.010|+3.64|40,560
4456WD|DNEX-WD|0.070|0.070|0.070|0.000|0.00|23,183
7114|DNONCE|0.440|0.450|0.435|-0.005|-1.14|1,495
7114WA|DNONCE-WA|0.210|0.205|0.205|-0.005|-2.38|50
5835|DOLMITE|0.110|0.000|0.000|0.000|0.00|0
5265|DOLPHIN|0.150|0.150|0.155|+0.005|+3.33|33,342
5265WA|DOLPHIN-WA|0.030|0.035|0.030|0.000|0.00|1,040
7169|DOMINAN|1.260|1.260|1.270|+0.010|+0.79|65
7169WA|DOMINAN-WA|0.080|0.000|0.000|0.000|0.00|0
7148|DPHARMA|1.090|1.120|1.110|+0.020|+1.83|2,598
0205|DPIH|0.215|0.210|0.215|0.000|0.00|3,641
7198|DPS|0.065|0.000|0.000|0.000|0.00|0
7198WB|DPS-WB|0.030|0.000|0.000|0.000|0.00|0
1619|DRBHCOM|1.810|1.820|1.820|+0.010|+0.55|7,299
161960|DRBHCOMC60|0.015|0.015|0.015|0.000|0.00|1,045
161962|DRBHCOMC62|0.005|0.000|0.000|0.000|0.00|0
161963|DRBHCOMC63|0.055|0.000|0.000|0.000|0.00|0
161964|DRBHCOMC64|0.005|0.000|0.000|0.000|0.00|0
161966|DRBHCOMC66|0.005|0.000|0.000|0.000|0.00|0
161967|DRBHCOMC67|0.015|0.000|0.000|0.000|0.00|0
161968|DRBHCOMC68|0.075|0.080|0.080|+0.005|+6.67|11,750
161969|DRBHCOMC69|0.125|0.115|0.120|-0.005|-4.00|9,998
161970|DRBHCOMC70|0.130|0.130|0.140|+0.010|+7.69|4,094
161971|DRBHCOMC71|0.120|0.000|0.000|0.000|0.00|0
161972|DRBHCOMC72|0.110|0.000|0.000|0.000|0.00|0
161973|DRBHCOMC73|0.100|0.000|0.000|0.000|0.00|0
161974|DRBHCOMC74|0.085|0.080|0.080|-0.005|-5.88|1,000
161975|DRBHCOMC75|0.065|0.000|0.000|0.000|0.00|0
5216|DSONIC|0.480|0.485|0.495|+0.015|+3.13|87,084
5216WA|DSONIC-WA|0.080|0.080|0.085|+0.005|+6.25|3,510
7233|DUFU|1.580|1.610|1.590|+0.010|+0.63|14,124
3948|DUTALND|0.500|0.500|0.495|-0.005|-1.00|3,370
5178|DYNACIA|0.095|0.090|0.095|0.000|0.00|26,024
5178PA|DYNACIA-PA|0.050|0.000|0.000|0.000|0.00|0
5178WA|DYNACIA-WA|0.035|0.040|0.040|+0.005|+14.29|13,500
3417|E&O|0.850|0.860|0.865|+0.015|+1.76|42,347
341713|E&O-C13|0.100|0.095|0.100|0.000|0.00|7,800
3417WB|E&O-WB|0.005|0.000|0.000|0.000|0.00|0
0154|EAH|0.015|0.015|0.015|0.000|0.00|800
0154WC|EAH-WC|0.005|0.000|0.000|0.000|0.00|0
0154WD|EAH-WD|0.005|0.005|0.005|0.000|0.00|5,816
0154WE|EAH-WE|0.010|0.005|0.010|0.000|0.00|3,479
2097|EASTLND|0.105|0.105|0.105|0.000|0.00|9,256
5259|EATECH|0.415|0.410|0.425|+0.010|+2.41|30,593
2143|ECM|0.275|0.275|0.275|0.000|0.00|16
3557|ECOFIRS|0.295|0.295|0.305|+0.010|+3.39|9,913
3557WC|ECOFIRS-WC|0.010|0.015|0.015|+0.005|+50.00|4,200
0059|ECOHLDS|0.270|0.270|0.270|0.000|0.00|120
5253|ECONBHD|0.480|0.485|0.490|+0.010|+2.08|141,825
5253WA|ECONBHD-WA|0.125|0.125|0.125|0.000|0.00|8,131
8206|ECOWLD|0.930|0.945|0.930|0.000|0.00|7,188
8206CQ|ECOWLD-CQ|0.005|0.000|0.000|0.000|0.00|0
8206CS|ECOWLD-CS|0.035|0.000|0.000|0.000|0.00|0
8206CT|ECOWLD-CT|0.150|0.000|0.000|0.000|0.00|0
8206WA|ECOWLD-WA|0.175|0.175|0.180|+0.005|+2.86|580
5036|EDARAN|0.550|0.550|0.560|+0.010|+1.82|22,571
7471|EDEN|0.115|0.120|0.120|+0.005|+4.35|7,751
7471WB|EDEN-WB|0.040|0.040|0.040|0.000|0.00|525
1368|EDGENTA|2.870|2.860|2.800|-0.070|-2.44|320
0107|EDUSPEC|0.025|0.025|0.025|0.000|0.00|2,100
0064|EFFICEN|0.170|0.175|0.185|+0.015|+8.82|966
0065|EFORCE|0.475|0.480|0.490|+0.015|+3.16|55,744
0065WA|EFORCE-WA|0.145|0.145|0.150|+0.005|+3.45|28,124
8907|EG|0.460|0.450|0.460|0.000|0.00|1,311
8907PA|EG-PA|0.455|0.450|0.450|-0.005|-1.10|12
8907WC|EG-WC|0.125|0.125|0.130|+0.005|+4.00|828
5081|EIG|0.655|0.000|0.000|0.000|0.00|0
5208|EITA|1.370|1.370|1.360|-0.010|-0.73|700
7182|EKA|0.070|0.000|0.000|0.000|0.00|0
8877|EKOVEST|0.585|0.590|0.590|+0.005|+0.85|52,882
8877CQ|EKOVEST-CQ|0.010|0.000|0.000|0.000|0.00|0
8877CR|EKOVEST-CR|0.005|0.000|0.000|0.000|0.00|0
8877CS|EKOVEST-CS|0.050|0.000|0.000|0.000|0.00|0
8877CT|EKOVEST-CT|0.065|0.060|0.060|-0.005|-7.69|500
8877WB|EKOVEST-WB|0.110|0.110|0.110|0.000|0.00|45,426
9016|EKSONS|0.810|0.820|0.820|+0.010|+1.23|30
5228|ELKDESA|1.460|1.460|1.450|-0.010|-0.68|1,111
5228LA|ELKDESA-LA|1.200|1.170|1.170|-0.030|-2.50|5
0090|ELSOFT|1.020|1.030|1.010|-0.010|-0.98|9,163
7217|EMETALL|0.390|0.405|0.400|+0.010|+2.56|106
9091|EMICO|0.170|0.175|0.175|+0.005|+2.94|111
6076|ENCORP|0.360|0.360|0.360|0.000|0.00|115
7149|ENGKAH|1.050|0.000|0.000|0.000|0.00|0
5056|ENGTEX|0.790|0.795|0.800|+0.010|+1.27|4,680
8613|ENRA|1.550|0.000|0.000|0.000|0.00|0
7773|EPMB|0.400|0.370|0.370|-0.030|-7.50|100
0190|ESAFE|0.220|0.210|0.210|-0.010|-4.55|330
0100|ESCERAM|0.150|0.150|0.155|+0.005|+3.33|1,460
03021|ETH|0.185|0.000|0.000|0.000|0.00|0
6815|EUPE|0.640|0.635|0.655|+0.015|+2.34|1,270
7208|EURO|0.135|0.135|0.135|0.000|0.00|635
7094|EUROSP|0.405|0.000|0.000|0.000|0.00|0
5101|EVERGRN|0.365|0.365|0.375|+0.010|+2.74|11,318
7249|EWEIN|0.590|0.585|0.595|+0.005|+0.85|12,441
5283|EWINT|0.755|0.760|0.760|+0.005|+0.66|1,970
5283WA|EWINT-WA|0.145|0.145|0.145|0.000|0.00|14,057
3689|F&N|34.980|35.000|34.980|0.000|0.00|2,574
2984|FACBIND|1.300|1.300|1.300|0.000|0.00|30
7047|FAJAR|0.410|0.420|0.450|+0.040|+9.76|124,974
7047WB|FAJAR-WB|0.035|0.035|0.045|+0.010|+28.57|64,146
5029|FAREAST|2.780|0.000|0.000|0.000|0.00|0
6041|FARLIM|0.355|0.360|0.375|+0.020|+5.63|838
7229|FAVCO|2.810|2.800|2.800|-0.010|-0.36|2,671
06505D|FBMKLCI-C5D|0.085|0.000|0.000|0.000|0.00|0
06505I|FBMKLCI-C5I|0.005|0.000|0.000|0.000|0.00|0
06505J|FBMKLCI-C5J|0.040|0.000|0.000|0.000|0.00|0
06505K|FBMKLCI-C5K|0.005|0.005|0.005|0.000|0.00|400
06505L|FBMKLCI-C5L|0.070|0.000|0.000|0.000|0.00|0
06505M|FBMKLCI-C5M|0.130|0.000|0.000|0.000|0.00|0
06505N|FBMKLCI-C5N|0.040|0.000|0.000|0.000|0.00|0
06505O|FBMKLCI-C5O|0.035|0.035|0.035|0.000|0.00|415
06505P|FBMKLCI-C5P|0.175|0.000|0.000|0.000|0.00|0
06505Q|FBMKLCI-C5Q|0.260|0.275|0.275|+0.015|+5.77|5,340
06505R|FBMKLCI-C5R|0.045|0.000|0.000|0.000|0.00|0
06505S|FBMKLCI-C5S|0.160|0.150|0.150|-0.010|-6.25|600
06505T|FBMKLCI-C5T|0.225|0.225|0.230|+0.005|+2.22|2,120
06505U|FBMKLCI-C5U|0.150|0.000|0.000|0.000|0.00|0
06505V|FBMKLCI-C5V|0.065|0.055|0.055|-0.010|-15.38|1,154
06505W|FBMKLCI-C5W|0.150|0.000|0.000|0.000|0.00|0
0820EA|FBMKLCI-EA|1.770|1.785|1.785|+0.015|+0.85|54
06506F|FBMKLCI-H6F|0.025|0.000|0.000|0.000|0.00|0
06506K|FBMKLCI-H6K|0.195|0.000|0.000|0.000|0.00|0
06506L|FBMKLCI-H6L|0.135|0.135|0.135|0.000|0.00|200
06506M|FBMKLCI-H6M|0.205|0.195|0.190|-0.015|-7.32|1,120
06506N|FBMKLCI-H6N|0.225|0.000|0.000|0.000|0.00|0
06506O|FBMKLCI-H6O|0.330|0.000|0.000|0.000|0.00|0
06506P|FBMKLCI-H6P|0.060|0.055|0.060|0.000|0.00|12,400
06506Q|FBMKLCI-H6Q|0.100|0.095|0.095|-0.005|-5.00|749
06506R|FBMKLCI-H6R|0.240|0.000|0.000|0.000|0.00|0
06506S|FBMKLCI-H6S|0.380|0.370|0.365|-0.015|-3.95|5,650
06506T|FBMKLCI-H6T|0.105|0.105|0.105|0.000|0.00|1,500
06506U|FBMKLCI-H6U|0.255|0.000|0.000|0.000|0.00|0
06506V|FBMKLCI-H6V|0.255|0.000|0.000|0.000|0.00|0
06506W|FBMKLCI-H6W|0.155|0.000|0.000|0.000|0.00|0
06506X|FBMKLCI-H6X|0.130|0.120|0.120|-0.010|-7.69|1,389
06506Y|FBMKLCI-H6Y|0.150|0.000|0.000|0.000|0.00|0
2755|FCW|0.950|0.000|0.000|0.000|0.00|0
5222|FGV|1.120|1.130|1.130|+0.010|+0.89|85,049
522255|FGV-C55|0.015|0.010|0.015|0.000|0.00|15
522256|FGV-C56|0.005|0.000|0.000|0.000|0.00|0
522257|FGV-C57|0.005|0.000|0.000|0.000|0.00|0
522258|FGV-C58|0.010|0.000|0.000|0.000|0.00|0
522259|FGV-C59|0.035|0.000|0.000|0.000|0.00|0
522260|FGV-C60|0.005|0.000|0.000|0.000|0.00|0
522261|FGV-C61|0.020|0.025|0.025|+0.005|+25.00|100
522262|FGV-C62|0.080|0.085|0.080|0.000|0.00|2,000
522263|FGV-C63|0.155|0.150|0.155|0.000|0.00|24,309
522264|FGV-C64|0.240|0.000|0.000|0.000|0.00|0
522265|FGV-C65|0.165|0.175|0.170|+0.005|+3.03|3,638
522266|FGV-C66|0.310|0.000|0.000|0.000|0.00|0
522267|FGV-C67|0.380|0.400|0.390|+0.010|+2.63|3,200
522268|FGV-C68|0.200|0.000|0.000|0.000|0.00|0
522269|FGV-C69|0.120|0.110|0.110|-0.010|-8.33|2,000
522270|FGV-C70|0.090|0.095|0.095|+0.005|+5.56|4
522271|FGV-C71|0.040|0.000|0.000|0.000|0.00|0
522272|FGV-C72|0.035|0.000|0.000|0.000|0.00|0
522273|FGV-C73|0.075|0.080|0.080|+0.005|+6.67|28,152
6939|FIAMMA|0.495|0.480|0.490|-0.005|-1.01|473
0149|FIBON|0.465|0.000|0.000|0.000|0.00|0
8605|FIHB|0.405|0.400|0.415|+0.010|+2.47|592
8605PA|FIHB-PA|0.085|0.000|0.000|0.000|0.00|0
8605PB|FIHB-PB|0.080|0.000|0.000|0.000|0.00|0
3107|FIMACOR|1.940|0.000|0.000|0.000|0.00|0
0150|FINTEC|0.050|0.050|0.050|0.000|0.00|19,750
0150PA|FINTEC-PA|0.025|0.025|0.025|0.000|0.00|19,594
0150WA|FINTEC-WA|0.015|0.000|0.000|0.000|0.00|0
0150WB|FINTEC-WB|0.020|0.000|0.000|0.000|0.00|0
9318|FITTERS|0.515|0.510|0.515|0.000|0.00|63,205
9318WB|FITTERS-WB|0.025|0.025|0.025|0.000|0.00|13,718
5197|FLBHD|1.650|1.660|1.670|+0.020|+1.21|5,437
0116|FOCUS|0.135|0.135|0.145|+0.010|+7.41|90,629
0116WC|FOCUS-WC|0.095|0.080|0.080|-0.015|-15.79|25
0157|FOCUSP|0.400|0.410|0.405|+0.005|+1.25|13,800
5277|FPGROUP|0.300|0.305|0.300|0.000|0.00|53,360
9172|FPI|1.800|1.810|1.800|0.000|0.00|4,400
7210|FREIGHT|0.570|0.580|0.575|+0.005|+0.88|1,236
0128|FRONTKN|0.985|1.000|0.965|-0.020|-2.03|102,832
9377|FSBM|0.095|0.000|0.000|0.000|0.00|0
9377WA|FSBM-WA|0.025|0.000|0.000|0.000|0.00|0
7184|G3|0.770|0.770|0.790|+0.020|+2.60|7,031
7184WA|G3-WA|0.770|0.770|0.750|-0.020|-2.60|941
9261|GADANG|0.615|0.620|0.650|+0.035|+5.69|125,282
9261WB|GADANG-WB|0.140|0.145|0.165|+0.025|+17.86|42,127
5398|GAMUDA|2.960|2.960|2.960|0.000|0.00|54,119
539851|GAMUDA-C51|0.015|0.000|0.000|0.000|0.00|0
539853|GAMUDA-C53|0.005|0.000|0.000|0.000|0.00|0
539856|GAMUDA-C56|0.030|0.000|0.000|0.000|0.00|0
539857|GAMUDA-C57|0.050|0.000|0.000|0.000|0.00|0
539858|GAMUDA-C58|0.080|0.080|0.080|0.000|0.00|200
539859|GAMUDA-C59|0.190|0.000|0.000|0.000|0.00|0
539860|GAMUDA-C60|0.115|0.115|0.115|0.000|0.00|9,000
539861|GAMUDA-C61|0.090|0.090|0.090|0.000|0.00|7,450
539862|GAMUDA-C62|0.110|0.110|0.110|0.000|0.00|800
539863|GAMUDA-C63|0.120|0.115|0.115|-0.005|-4.17|8,000
5398WE|GAMUDA-WE|0.225|0.225|0.230|+0.005|+2.22|5,630
5209|GASMSIA|2.790|2.820|2.830|+0.040|+1.43|1,506
5226|GBGAQRS|1.240|1.240|1.220|-0.020|-1.61|64,203
5226WB|GBGAQRS-WB|0.305|0.305|0.300|-0.005|-1.64|43,161
5102|GCB|3.700|3.700|3.670|-0.030|-0.81|3,599
5102CA|GCB-CA|0.275|0.270|0.270|-0.005|-1.82|1,300
5102CB|GCB-CB|0.190|0.185|0.185|-0.005|-2.63|2,001
5102CC|GCB-CC|0.155|0.000|0.000|0.000|0.00|0
5592|GCE|0.460|0.475|0.475|+0.015|+3.26|50
0198|GDB|0.265|0.265|0.265|0.000|0.00|2,635
0078|GDEX|0.335|0.340|0.345|+0.010|+2.99|38,395
0078WB|GDEX-WB|0.060|0.055|0.055|-0.005|-8.33|24,716
0580C1|GEELY-C1|0.050|0.000|0.000|0.000|0.00|0
0104|GENETEC|1.770|1.770|1.770|0.000|0.00|421
4715|GENM|3.350|3.380|3.370|+0.020|+0.60|37,284
471538|GENM-C38|0.005|0.000|0.000|0.000|0.00|0
471540|GENM-C40|0.150|0.000|0.000|0.000|0.00|0
471541|GENM-C41|0.005|0.000|0.000|0.000|0.00|0
471542|GENM-C42|0.045|0.000|0.000|0.000|0.00|0
471543|GENM-C43|0.045|0.000|0.000|0.000|0.00|0
471544|GENM-C44|0.075|0.000|0.000|0.000|0.00|0
471545|GENM-C45|0.155|0.155|0.155|0.000|0.00|1,000
471546|GENM-C46|0.105|0.110|0.110|+0.005|+4.76|11,200
471547|GENM-C47|0.135|0.135|0.135|0.000|0.00|3,000
471548|GENM-C48|0.125|0.000|0.000|0.000|0.00|0
471549|GENM-C49|0.195|0.200|0.200|+0.005|+2.56|3,900
471550|GENM-C50|0.180|0.185|0.185|+0.005|+2.78|2,641
471551|GENM-C51|0.135|0.000|0.000|0.000|0.00|0
471552|GENM-C52|0.205|0.205|0.205|0.000|0.00|500
471553|GENM-C53|0.125|0.000|0.000|0.000|0.00|0
471554|GENM-C54|0.150|0.000|0.000|0.000|0.00|0
2291|GENP|10.440|10.440|10.500|+0.060|+0.57|3,662
2291WA|GENP-WA|2.500|2.540|2.580|+0.080|+3.20|1,135
3182|GENTING|6.910|6.990|7.010|+0.100|+1.45|27,823
318251|GENTINGC51|0.005|0.000|0.000|0.000|0.00|0
318255|GENTINGC55|0.050|0.000|0.000|0.000|0.00|0
318256|GENTINGC56|0.030|0.000|0.000|0.000|0.00|0
318257|GENTINGC57|0.095|0.095|0.095|0.000|0.00|6,500
318258|GENTINGC58|0.070|0.070|0.070|0.000|0.00|2,308
318259|GENTINGC59|0.120|0.105|0.105|-0.015|-12.50|3,000
318260|GENTINGC60|0.150|0.000|0.000|0.000|0.00|0
318261|GENTINGC61|0.120|0.120|0.120|0.000|0.00|3,300
318262|GENTINGC62|0.155|0.150|0.150|-0.005|-3.23|1,000
318263|GENTINGC63|0.150|0.000|0.000|0.000|0.00|0
318264|GENTINGC64|0.090|0.000|0.000|0.000|0.00|0
7197|GESHEN|0.630|0.620|0.630|0.000|0.00|310
5079|GETS|0.120|0.120|0.125|+0.005|+4.17|6,652
0039|GFM|0.490|0.490|0.540|+0.050|+10.20|119,200
0039WC|GFM-WC|0.185|0.180|0.215|+0.030|+16.22|102,941
0021|GHLSYS|1.650|1.650|1.650|0.000|0.00|1,400
0021CA|GHLSYS-CA|0.110|0.000|0.000|0.000|0.00|0
3204|GKENT|1.190|1.200|1.200|+0.010|+0.84|122,209
7382|GLBHD|0.395|0.395|0.390|-0.005|-1.27|475
5020|GLOMAC|0.370|0.370|0.360|-0.010|-2.70|10,221
5220|GLOTEC|0.470|0.470|0.475|+0.005|+1.06|1,925
5220WA|GLOTEC-WA|0.075|0.075|0.080|+0.005|+6.67|2,991
9962|GMUTUAL|0.265|0.000|0.000|0.000|0.00|0
0045|GNB|0.050|0.050|0.050|0.000|0.00|2,000
1147|GOB|0.180|0.180|0.180|0.000|0.00|1,076
1147WA|GOB-WA|0.005|0.000|0.000|0.000|0.00|0
0074|GOCEAN|0.110|0.000|0.000|0.000|0.00|0
0074WA|GOCEAN-WA|0.005|0.000|0.000|0.000|0.00|0
0828EA|GOLDETF|1.750|1.745|1.745|-0.005|-0.29|1,000
7192|GOODWAY|0.215|0.215|0.215|0.000|0.00|1,511
2135|GOPENG|0.700|0.000|0.000|0.000|0.00|0
7096|GPA|0.105|0.105|0.105|0.000|0.00|22,757
7096WA|GPA-WA|0.035|0.035|0.030|-0.005|-14.29|327,348
0082|GPACKET|0.310|0.310|0.310|0.000|0.00|3,557
0082WB|GPACKET-WB|0.075|0.080|0.080|+0.005|+6.67|2,040
5649|GPHAROS|0.235|0.220|0.220|-0.015|-6.38|936
0056|GRANFLO|0.205|0.210|0.210|+0.005|+2.44|717
0136|GREENYB|0.125|0.125|0.125|0.000|0.00|2,150
7077|GSB|0.205|0.205|0.200|-0.005|-2.44|20,636
7022|GTRONIC|1.900|1.910|1.890|-0.010|-0.53|6,238
7022CR|GTRONIC-CR|0.005|0.000|0.000|0.000|0.00|0
7022CS|GTRONIC-CS|0.005|0.000|0.000|0.000|0.00|0
7022CT|GTRONIC-CT|0.005|0.000|0.000|0.000|0.00|0
7022CU|GTRONIC-CU|0.030|0.000|0.000|0.000|0.00|0
7022CV|GTRONIC-CV|0.095|0.095|0.095|0.000|0.00|2
7022CW|GTRONIC-CW|0.060|0.000|0.000|0.000|0.00|0
3247|GUH|0.510|0.510|0.510|0.000|0.00|75
7676|GUNUNG|0.330|0.340|0.320|-0.010|-3.03|555
7676WB|GUNUNG-WB|0.055|0.050|0.055|0.000|0.00|305
1503|GUOCO|0.740|0.740|0.740|0.000|0.00|1,386
7668|HAIO|2.770|2.720|2.760|-0.010|-0.36|1,102
7668CG|HAIO-CG|0.075|0.000|0.000|0.000|0.00|0
5151|HALEX|0.750|0.830|0.945|+0.195|+26.00|1,179
7253|HANDAL|0.330|0.325|0.335|+0.005|+1.52|1,500
3034|HAPSENG|9.820|9.830|9.880|+0.060|+0.61|3,101
3034CX|HAPSENG-CX|0.040|0.000|0.000|0.000|0.00|0
2062|HARBOUR|0.675|0.680|0.695|+0.020|+2.96|14
2062WC|HARBOUR-WC|0.070|0.000|0.000|0.000|0.00|0
5008|HARISON|3.810|3.800|3.800|-0.010|-0.26|20
7501|HARNLEN|0.695|0.695|0.695|0.000|0.00|100
5168|HARTA|4.750|4.750|4.710|-0.040|-0.84|64,374
516811|HARTA-C11|0.005|0.000|0.000|0.000|0.00|0
516815|HARTA-C15|0.020|0.000|0.000|0.000|0.00|0
516816|HARTA-C16|0.010|0.000|0.000|0.000|0.00|0
516817|HARTA-C17|0.025|0.000|0.000|0.000|0.00|0
516818|HARTA-C18|0.005|0.005|0.005|0.000|0.00|300
516819|HARTA-C19|0.055|0.000|0.000|0.000|0.00|0
516820|HARTA-C20|0.065|0.060|0.060|-0.005|-7.69|12,580
516821|HARTA-C21|0.075|0.070|0.065|-0.010|-13.33|1,400
516822|HARTA-C22|0.065|0.060|0.055|-0.010|-15.38|3,247
5187|HBGLOB|0.115|0.115|0.115|0.000|0.00|11,045
7105|HCK|1.240|1.240|1.250|+0.010|+0.81|350
7105WA|HCK-WA|0.295|0.000|0.000|0.000|0.00|0
3255|HEIM|22.820|22.820|22.900|+0.080|+0.35|663
5121|HEKTAR|1.160|1.150|1.160|0.000|0.00|830
4324|HENGYUAN|6.120|6.100|6.200|+0.080|+1.31|6,353
4324C1|HENGYUAN-C1|0.020|0.000|0.000|0.000|0.00|0
4324C2|HENGYUAN-C2|0.010|0.000|0.000|0.000|0.00|0
4324C4|HENGYUAN-C4|0.030|0.000|0.000|0.000|0.00|0
4324C5|HENGYUAN-C5|0.035|0.000|0.000|0.000|0.00|0
4324C6|HENGYUAN-C6|0.060|0.000|0.000|0.000|0.00|0
4324C7|HENGYUAN-C7|0.205|0.215|0.215|+0.010|+4.88|5,820
4324C8|HENGYUAN-C8|0.125|0.130|0.130|+0.005|+4.00|3,346
4324CZ|HENGYUAN-CZ|0.035|0.030|0.030|-0.005|-14.29|300
5095|HEVEA|0.645|0.650|0.660|+0.015|+2.33|44,430
5095WB|HEVEA-WB|0.470|0.470|0.470|0.000|0.00|100
3298|HEXZA|0.705|0.700|0.700|-0.005|-0.71|920
0175|HHGROUP|0.120|0.120|0.125|+0.005|+4.17|15,578
0160|HHHCORP|0.100|0.100|0.100|0.000|0.00|6,560
5072|HIAPTEK|0.295|0.300|0.295|0.000|0.00|12,005
5072LA|HIAPTEK-LA|0.300|0.300|0.300|0.000|0.00|854
5072WB|HIAPTEK-WB|0.085|0.080|0.085|0.000|0.00|5,071
5199|HIBISCS|1.000|1.010|1.020|+0.020|+2.00|275,857
5199CK|HIBISCS-CK|0.005|0.000|0.000|0.000|0.00|0
5199CM|HIBISCS-CM|0.075|0.080|0.085|+0.010|+13.33|2,993
5199CN|HIBISCS-CN|0.065|0.070|0.070|+0.005|+7.69|500
5199CO|HIBISCS-CO|0.080|0.075|0.075|-0.005|-6.25|1,000
5199CP|HIBISCS-CP|0.045|0.050|0.050|+0.005|+11.11|1,000
5199CQ|HIBISCS-CQ|0.115|0.115|0.120|+0.005|+4.35|9,000
5199CR|HIBISCS-CR|0.095|0.100|0.105|+0.010|+10.53|19,640
5199CS|HIBISCS-CS|0.110|0.000|0.000|0.000|0.00|0
5199CT|HIBISCS-CT|0.145|0.000|0.000|0.000|0.00|0
5199CU|HIBISCS-CU|0.080|0.085|0.085|+0.005|+6.25|15,500
5199CV|HIBISCS-CV|0.090|0.075|0.075|-0.015|-16.67|13
5199CW|HIBISCS-CW|0.075|0.085|0.085|+0.010|+13.33|470
5199WC|HIBISCS-WC|0.450|0.455|0.455|+0.005|+1.11|115,724
7033|HIGHTEC|1.280|0.000|0.000|0.000|0.00|0
8443|HIL|0.550|0.560|0.555|+0.005|+0.91|4,429
8443WB|HIL-WB|0.240|0.250|0.185|-0.055|-22.92|42
0505CF|HKEX-CF|0.435|0.430|0.425|-0.010|-2.30|1,000
5819|HLBANK|20.900|20.900|20.660|-0.240|-1.15|7,541
5819CN|HLBANK-CN|0.045|0.000|0.000|0.000|0.00|0
5819CO|HLBANK-CO|0.135|0.125|0.125|-0.010|-7.41|2
5274|HLCAP|9.600|0.000|0.000|0.000|0.00|0
1082|HLFG|19.300|19.340|19.400|+0.100|+0.52|3,297
3301|HLIND|9.920|9.980|9.960|+0.040|+0.40|547
0188|HLT|0.145|0.140|0.140|-0.005|-3.45|1,019
0188WA|HLT-WA|0.050|0.040|0.065|+0.015|+30.00|10
5169|HOHUP|0.380|0.380|0.410|+0.030|+7.89|15,072
5165|HOKHENG|0.535|0.000|0.000|0.000|0.00|0
5160|HOMERIZ|0.615|0.615|0.620|+0.005|+0.81|435
5160WA|HOMERIZ-WA|0.065|0.000|0.000|0.000|0.00|0
7010|HOOVER|0.600|0.000|0.000|0.000|0.00|0
06513U|HSI-C3U|0.045|0.000|0.000|0.000|0.00|0
06513V|HSI-C3V|0.070|0.080|0.110|+0.040|+57.14|393,369
06513W|HSI-C3W|0.310|0.360|0.415|+0.105|+33.87|312,533
06513X|HSI-C3X|0.780|0.840|0.960|+0.180|+23.08|5,601
06513Y|HSI-C3Y|0.110|0.000|0.000|0.000|0.00|0
06513Z|HSI-C3Z|0.165|0.175|0.190|+0.025|+15.15|107,749
06515A|HSI-C5A|0.340|0.385|0.420|+0.080|+23.53|491,567
06515B|HSI-C5B|0.620|0.665|0.745|+0.125|+20.16|55,267
06515C|HSI-C5C|0.185|0.200|0.220|+0.035|+18.92|111,021
06515D|HSI-C5D|0.300|0.335|0.360|+0.060|+20.00|145,753
06515E|HSI-C5E|0.580|0.635|0.680|+0.100|+17.24|110,862
06515F|HSI-C5F|0.900|0.975|1.030|+0.130|+14.44|590
06515G|HSI-C5G|0.475|0.495|0.550|+0.075|+15.79|6,291
06515H|HSI-C5H|0.745|0.805|0.850|+0.105|+14.09|2,450
06515I|HSI-C5I|1.070|1.160|1.190|+0.120|+11.21|200
06515J|HSI-C5J|0.610|0.670|0.695|+0.085|+13.93|18,733
06515K|HSI-C5K|1.020|1.050|1.050|+0.030|+2.94|100
06515L|HSI-C5L|1.340|1.380|1.380|+0.040|+2.99|10
06515M|HSI-C5M|1.660|1.900|1.910|+0.250|+15.06|550
06514V|HSI-H4V|0.005|0.005|0.005|0.000|0.00|25,135
06514W|HSI-H4W|0.005|0.005|0.005|0.000|0.00|24,619
06514X|HSI-H4X|0.020|0.015|0.010|-0.010|-50.00|11,762
06514Y|HSI-H4Y|0.075|0.055|0.050|-0.025|-33.33|78,178
06514Z|HSI-H4Z|0.015|0.015|0.015|0.000|0.00|653
06516A|HSI-H6A|0.035|0.030|0.030|-0.005|-14.29|4,450
06516B|HSI-H6B|0.080|0.075|0.065|-0.015|-18.75|2,290
06516C|HSI-H6C|0.160|0.130|0.120|-0.040|-25.00|143,481
06516D|HSI-H6D|0.120|0.000|0.000|0.000|0.00|0
06516E|HSI-H6E|0.180|0.155|0.145|-0.035|-19.44|6,100
06516F|HSI-H6F|0.320|0.280|0.270|-0.050|-15.63|519,129
06516G|HSI-H6G|0.555|0.495|0.475|-0.080|-14.41|229,439
06516H|HSI-H6H|0.130|0.000|0.000|0.000|0.00|0
06516I|HSI-H6I|0.225|0.180|0.180|-0.045|-20.00|300
06516J|HSI-H6J|0.325|0.310|0.275|-0.050|-15.38|22,546
06516K|HSI-H6K|0.090|0.000|0.000|0.000|0.00|0
06516L|HSI-H6L|0.160|0.150|0.155|-0.005|-3.13|200
06516M|HSI-H6M|0.220|0.200|0.185|-0.035|-15.91|23,321
06516N|HSI-H6N|0.355|0.320|0.305|-0.050|-14.08|6,714
6238|HSL|1.420|1.430|1.410|-0.010|-0.70|80
5138|HSPLANT|1.800|1.800|1.800|0.000|0.00|50
0185|HSSEB|1.080|1.100|1.140|+0.060|+5.56|37,866
0185WA|HSSEB-WA|0.210|0.210|0.220|+0.010|+4.76|1,730
5028|HTPADU|0.695|0.700|0.705|+0.010|+1.44|6,087
2739|HUAAN|0.220|0.225|0.220|0.000|0.00|180,296
5062|HUAYANG|0.405|0.405|0.410|+0.005|+1.23|1,753
7013|HUBLINE|0.060|0.055|0.060|0.000|0.00|12,178
7013WA|HUBLINE-WA|0.005|0.000|0.000|0.000|0.00|0
7013WB|HUBLINE-WB|0.005|0.000|0.000|0.000|0.00|0
7013WC|HUBLINE-WC|0.020|0.000|0.000|0.000|0.00|0
5000|HUMEIND|0.750|0.750|0.750|0.000|0.00|5,700
5024|HUPSENG|1.020|1.020|1.020|0.000|0.00|553
8478|HWATAI|0.320|0.305|0.300|-0.020|-6.25|3,009
9601|HWGB|0.100|0.105|0.100|0.000|0.00|1,550
9601WD|HWGB-WD|0.030|0.030|0.030|0.000|0.00|375
4251|IBHD|0.435|0.440|0.430|-0.005|-1.15|1,246
4251LB|IBHD-LB|0.315|0.315|0.315|0.000|0.00|100
4251WA|IBHD-WA|0.010|0.010|0.010|0.000|0.00|600
5084|IBRACO|0.705|0.705|0.705|0.000|0.00|30
5108|ICAP|2.400|0.000|0.000|0.000|0.00|0
0502CF|ICBC-CF|0.100|0.000|0.000|0.000|0.00|0
5255|ICON|0.085|0.085|0.090|+0.005|+5.88|58,333
9687|IDEAL|1.120|1.160|1.140|+0.020|+1.79|1,529
9687WB|IDEAL-WB|0.365|0.380|0.375|+0.010|+2.74|747
0174|IDMENSN|0.030|0.000|0.000|0.000|0.00|0
0174WA|IDMENSN-WA|0.005|0.000|0.000|0.000|0.00|0
0023|IFCAMSC|0.435|0.445|0.450|+0.015|+3.45|172,549
5606|IGBB|2.510|2.520|2.520|+0.010|+0.40|1,773
5606PA|IGBB-PA|1.120|0.000|0.000|0.000|0.00|0
5606PB|IGBB-PB|3.200|0.000|0.000|0.000|0.00|0
5227|IGBREIT|1.760|1.770|1.770|+0.010|+0.57|3,414
5225|IHH|5.860|5.850|5.850|-0.010|-0.17|50,229
522510|IHH-C10|0.135|0.130|0.130|-0.005|-3.70|8,000
5225C7|IHH-C7|0.050|0.000|0.000|0.000|0.00|0
5225C8|IHH-C8|0.120|0.115|0.125|+0.005|+4.17|2,176
5225C9|IHH-C9|0.095|0.000|0.000|0.000|0.00|0
0401GA|IHS046000824|96.000|0.000|0.000|0.000|0.00|0
3336|IJM|1.950|1.960|1.960|+0.010|+0.51|18,476
333620|IJM-C20|0.070|0.000|0.000|0.000|0.00|0
333621|IJM-C21|0.065|0.070|0.070|+0.005|+7.69|644
333622|IJM-C22|0.005|0.000|0.000|0.000|0.00|0
333624|IJM-C24|0.135|0.140|0.140|+0.005|+3.70|330
333625|IJM-C25|0.155|0.000|0.000|0.000|0.00|0
2216|IJMPLNT|1.700|1.670|1.670|-0.030|-1.76|1
5268|IKHMAS|0.140|0.145|0.145|+0.005|+3.57|16,750
5614|ILB|0.450|0.440|0.440|-0.010|-2.22|300
7222|IMASPRO|2.230|2.220|2.230|0.000|0.00|8,107
0166|INARI|1.580|1.610|1.590|+0.010|+0.63|45,027
016621|INARI-C21|0.005|0.000|0.000|0.000|0.00|0
016622|INARI-C22|0.005|0.000|0.000|0.000|0.00|0
016623|INARI-C23|0.005|0.000|0.000|0.000|0.00|0
016624|INARI-C24|0.005|0.000|0.000|0.000|0.00|0
016625|INARI-C25|0.005|0.000|0.000|0.000|0.00|0
016626|INARI-C26|0.055|0.000|0.000|0.000|0.00|0
016627|INARI-C27|0.040|0.045|0.040|0.000|0.00|12,450
016628|INARI-C28|0.040|0.000|0.000|0.000|0.00|0
016629|INARI-C29|0.075|0.080|0.080|+0.005|+6.67|2,000
016630|INARI-C30|0.065|0.000|0.000|0.000|0.00|0
016631|INARI-C31|0.130|0.135|0.135|+0.005|+3.85|32,050
016632|INARI-C32|0.140|0.140|0.140|0.000|0.00|7,495
016633|INARI-C33|0.275|0.000|0.000|0.000|0.00|0
016634|INARI-C34|0.090|0.000|0.000|0.000|0.00|0
016635|INARI-C35|0.085|0.075|0.075|-0.010|-11.76|27,000
016636|INARI-C36|0.090|0.085|0.085|-0.005|-5.56|200
016637|INARI-C37|0.115|0.125|0.115|0.000|0.00|242
0166WB|INARI-WB|1.050|1.060|1.060|+0.010|+0.95|1,021
2607|INCKEN|0.625|0.620|0.620|-0.005|-0.80|3,670
0094|INIX|0.050|0.050|0.055|+0.005|+10.00|57,360
0094WA|INIX-WA|0.025|0.025|0.025|0.000|0.00|2,160
0147|INNITY|0.565|0.555|0.560|-0.005|-0.88|154
6262|INNO|0.730|0.730|0.730|0.000|0.00|169
3379|INSAS|0.755|0.760|0.785|+0.030|+3.97|7,291
3379PA|INSAS-PA|1.030|0.985|0.980|-0.050|-4.85|258
3379WB|INSAS-WB|0.075|0.075|0.090|+0.015|+20.00|4,056
0192|INTA|0.265|0.270|0.275|+0.010|+3.77|4,362
1961|IOICORP|4.510|4.550|4.510|0.000|0.00|4,254
196119|IOICORP-C19|0.060|0.060|0.055|-0.005|-8.33|4
5249|IOIPG|1.470|1.490|1.490|+0.020|+1.36|4,639
5249CU|IOIPG-CU|0.045|0.000|0.000|0.000|0.00|0
5249CV|IOIPG-CV|0.195|0.000|0.000|0.000|0.00|0
5673|IPMUDA|0.500|0.000|0.000|0.000|0.00|0
5107|IQGROUP|1.180|1.180|1.160|-0.020|-1.69|440
8834|IREKA|0.570|0.000|0.000|0.000|0.00|0
8834WB|IREKA-WB|0.005|0.000|0.000|0.000|0.00|0
7183|IRETEX|0.125|0.130|0.130|+0.005|+4.00|230
7183LA|IRETEX-LA|0.015|0.015|0.015|0.000|0.00|500
7183WA|IRETEX-WA|0.005|0.000|0.000|0.000|0.00|0
0010|IRIS|0.130|0.135|0.135|+0.005|+3.85|226,425
9393|ITRONIC|0.095|0.000|0.000|0.000|0.00|0
5175|IVORY|0.220|0.215|0.215|-0.005|-2.27|5,750
1589|IWCITY|0.740|0.750|0.735|-0.005|-0.68|193,705
7223|JADI|0.035|0.035|0.035|0.000|0.00|429
0024|JAG|0.050|0.050|0.050|0.000|0.00|21,722
0024WA|JAG-WA|0.005|0.000|0.000|0.000|0.00|0
0024WB|JAG-WB|0.010|0.010|0.010|0.000|0.00|232
4723|JAKS|0.755|0.765|0.780|+0.025|+3.31|269,452
4723WB|JAKS-WB|0.430|0.435|0.475|+0.045|+10.47|29,767
8648|JASKITA|0.120|0.115|0.115|-0.005|-4.17|600
7152|JAYCORP|0.865|0.855|0.870|+0.005|+0.58|600
0058|JCBNEXT|1.520|1.500|1.500|-0.020|-1.32|621
5161|JCY|0.215|0.215|0.210|-0.005|-2.33|2,710
8931|JERASIA|0.370|0.380|0.375|+0.005|+1.35|880
9083|JETSON|0.180|0.180|0.185|+0.005|+2.78|530
0146|JFTECH|0.750|0.750|0.755|+0.005|+0.67|346
0127|JHM|1.140|1.150|1.130|-0.010|-0.88|15,898
8923|JIANKUN|0.325|0.000|0.000|0.000|0.00|0
8923WA|JIANKUN-WA|0.075|0.000|0.000|0.000|0.00|0
6769|JKGLAND|0.075|0.075|0.075|0.000|0.00|1,300
03003|JMEDU|0.535|0.000|0.000|0.000|0.00|0
7043|JMR|0.960|0.950|0.950|-0.010|-1.04|100
3441|JOHAN|0.090|0.090|0.085|-0.005|-5.56|2,720
7167|JOHOTIN|1.430|1.440|1.430|0.000|0.00|33,391
4383|JTIASA|0.560|0.560|0.560|0.000|0.00|3,054
0111|K1|0.225|0.225|0.235|+0.010|+4.44|73,772
0111WC|K1-WC|0.105|0.105|0.105|0.000|0.00|14,669
0193|KAB|0.220|0.215|0.215|-0.005|-2.27|1,333
8672|KAMDAR|0.290|0.000|0.000|0.000|0.00|0
0170|KANGER|0.045|0.045|0.045|0.000|0.00|1,413
0170WA|KANGER-WA|0.020|0.015|0.020|0.000|0.00|620
5247|KAREX|0.415|0.415|0.425|+0.010|+2.41|49,781
0054|KARYON|0.130|0.130|0.130|0.000|0.00|1,630
7216|KAWAN|1.770|1.770|1.750|-0.020|-1.13|99
3115|KBUNAI|0.090|0.085|0.085|-0.005|-5.56|100
3115WC|KBUNAI-WC|0.020|0.020|0.020|0.000|0.00|700
7199|KEINHIN|0.625|0.000|0.000|0.000|0.00|0
7323|KEN|0.675|0.000|0.000|0.000|0.00|0
6483|KENANGA|0.540|0.540|0.535|-0.005|-0.93|2,021
7161|KERJAYA|1.270|1.260|1.260|-0.010|-0.79|1,728
7161CJ|KERJAYA-CJ|0.020|0.000|0.000|0.000|0.00|0
7161WB|KERJAYA-WB|0.180|0.185|0.180|0.000|0.00|886
9334|KESM|9.440|9.440|9.430|-0.010|-0.11|104
0143|KEYASIC|0.110|0.110|0.105|-0.005|-4.55|14,738
6491|KFIMA|1.660|1.660|1.660|0.000|0.00|535
8303|KFM|0.195|0.185|0.200|+0.005|+2.56|203
0151|KGB|1.250|1.250|1.250|0.000|0.00|15,052
0151WA|KGB-WA|0.725|0.725|0.735|+0.010|+1.38|6,999
0036|KGROUP|0.045|0.045|0.045|0.000|0.00|200
0036WB|KGROUP-WB|0.010|0.000|0.000|0.000|0.00|0
6203|KHEESAN|0.640|0.650|0.650|+0.010|+1.56|80
7062|KHIND|1.730|0.000|0.000|0.000|0.00|0
6211|KIALIM|0.220|0.000|0.000|0.000|0.00|0
3522|KIANJOO|3.070|3.070|3.090|+0.020|+0.65|15,339
5371|KIMHIN|1.230|1.170|1.200|-0.030|-2.44|98
5171|KIMLUN|1.240|1.240|1.240|0.000|0.00|354
5171WA|KIMLUN-WA|0.360|0.280|0.330|-0.030|-8.33|50
5060|KINSTEL|0.005|0.000|0.000|0.000|0.00|0
5280|KIPREIT|0.860|0.855|0.855|-0.005|-0.58|1,597
9466|KKB|1.180|1.180|1.180|0.000|0.00|1,521
5235SS|KLCC|7.790|7.860|7.770|-0.020|-0.26|1,694
2445|KLK|24.780|24.780|24.800|+0.020|+0.08|1,373
2445C2|KLK-C2|0.140|0.000|0.000|0.000|0.00|0
2453|KLUANG|3.530|3.530|3.580|+0.050|+1.42|19
5027|KMLOONG|1.300|1.300|1.300|0.000|0.00|320
5027WB|KMLOONG-WB|0.270|0.270|0.270|0.000|0.00|165
7164|KNM|0.100|0.105|0.105|+0.005|+5.00|50,072
7164WB|KNM-WB|0.015|0.015|0.015|0.000|0.00|2,141
5035|KNUSFOR|0.470|0.000|0.000|0.000|0.00|0
6971|KOBAY|1.440|1.380|1.380|-0.060|-4.17|7
7017|KOMARK|0.200|0.200|0.205|+0.005|+2.50|5,530
7017WB|KOMARK-WB|0.030|0.000|0.000|0.000|0.00|0
7153|KOSSAN|3.660|3.650|3.670|+0.010|+0.27|11,448
7153CY|KOSSAN-CY|0.010|0.000|0.000|0.000|0.00|0
7153CZ|KOSSAN-CZ|0.150|0.000|0.000|0.000|0.00|0
0002|KOTRA|1.800|1.780|1.780|-0.020|-1.11|20
5878|KPJ|1.030|1.030|1.040|+0.010|+0.97|100,226
5878CR|KPJ-CR|0.020|0.000|0.000|0.000|0.00|0
5878CS|KPJ-CS|0.030|0.000|0.000|0.000|0.00|0
7130|KPOWER|0.400|0.355|0.400|0.000|0.00|131
5843|KPS|1.300|1.300|1.340|+0.040|+3.08|5,878
9121|KPSCB|0.500|0.500|0.495|-0.005|-1.00|340
1996|KRETAM|0.390|0.390|0.400|+0.010|+2.56|1,877
0176|KRONO|0.595|0.595|0.615|+0.020|+3.36|77,570
3476|KSENG|4.660|4.710|4.750|+0.090|+1.93|690
5038|KSL|0.930|0.940|0.945|+0.015|+1.61|15,196
5192|KSSC|0.560|0.550|0.560|0.000|0.00|7,889
5172|KSTAR|0.080|0.000|0.000|0.000|0.00|0
5172WA|KSTAR-WA|0.005|0.005|0.005|0.000|0.00|700
4847|KTB|0.060|0.065|0.065|+0.005|+8.33|20
0180|KTC|0.170|0.170|0.180|+0.010|+5.88|19,687
6874|KUB|0.420|0.420|0.420|0.000|0.00|25,298
2186|KUCHAI|1.620|1.610|1.600|-0.020|-1.23|609
6572|KWANTAS|0.830|0.000|0.000|0.000|0.00|0
8362|KYM|0.335|0.305|0.320|-0.015|-4.48|329
3174|L&G|0.150|0.150|0.150|0.000|0.00|3,133
3794|LAFMSIA|2.290|2.290|2.270|-0.020|-0.87|13,214
0018|LAMBO|0.145|0.140|0.150|+0.005|+3.45|66,235
1643|LANDMRK|0.470|0.455|0.475|+0.005|+1.06|260
7006|LATITUD|4.050|4.050|4.050|0.000|0.00|267
9385|LAYHONG|0.420|0.425|0.435|+0.015|+3.57|24,560
9385WA|LAYHONG-WA|0.185|0.190|0.190|+0.005|+2.70|20,126
9326|LBALUM|0.485|0.480|0.495|+0.010|+2.06|460
8494|LBICAP|0.810|0.830|0.850|+0.040|+4.94|44
5789|LBS|0.670|0.670|0.660|-0.010|-1.49|7,235
5789PA|LBS-PA|0.840|0.000|0.000|0.000|0.00|0
5789WB|LBS-WB|0.200|0.230|0.250|+0.050|+25.00|400
5284|LCTITAN|4.340|4.340|4.330|-0.010|-0.23|2,576
9628|LEBTECH|0.855|0.000|0.000|0.000|0.00|0
8079|LEESK|0.960|0.965|0.945|-0.015|-1.56|1,041
5232|LEONFB|0.505|0.495|0.490|-0.015|-2.97|540
8745|LEWEKO|0.145|0.140|0.140|-0.005|-3.45|1,484
8745WB|LEWEKO-WB|0.055|0.000|0.000|0.000|0.00|0
7170|LFECORP|0.105|0.000|0.000|0.000|0.00|0
3573|LIENHOE|0.280|0.000|0.000|0.000|0.00|0
7089|LIIHEN|2.700|2.720|2.760|+0.060|+2.22|411
8486|LIONFIB|0.435|0.000|0.000|0.000|0.00|0
4235|LIONIND|0.565|0.575|0.565|0.000|0.00|46,570
6645|LITRAK|4.360|4.370|4.340|-0.020|-0.46|4,647
0182|LKL|0.110|0.105|0.105|-0.005|-4.55|1,200
7126|LONBISC|0.425|0.425|0.430|+0.005|+1.18|27,691
7126WA|LONBISC-WA|0.045|0.040|0.045|0.000|0.00|632
8621|LPI|16.160|16.140|16.100|-0.060|-0.37|295
9881|LSTEEL|0.285|0.290|0.285|0.000|0.00|940
7085|LTKM|1.200|1.210|1.200|0.000|0.00|300
5068|LUSTER|0.080|0.080|0.080|0.000|0.00|16,235
5068WA|LUSTER-WA|0.030|0.025|0.030|0.000|0.00|3,530
5068WB|LUSTER-WB|0.040|0.035|0.035|-0.005|-12.50|1,320
5143|LUXCHEM|0.555|0.550|0.545|-0.010|-1.80|2,680
0075|LYC|0.340|0.345|0.325|-0.015|-4.41|1,378
9199|LYSAGHT|2.620|0.000|0.000|0.000|0.00|0
5078|M&G|0.080|0.080|0.080|0.000|0.00|738
0017|M3TECH|0.045|0.045|0.045|0.000|0.00|11,801
0017WA|M3TECH-WA|0.005|0.000|0.000|0.000|0.00|0
1198|MAA|1.010|1.020|1.010|0.000|0.00|4,166
7617|MAGNA|0.880|0.000|0.000|0.000|0.00|0
7617WB|MAGNA-WB|0.200|0.000|0.000|0.000|0.00|0
7087|MAGNI|4.560|4.560|4.600|+0.040|+0.88|348
3859|MAGNUM|2.370|2.390|2.400|+0.030|+1.27|20,633
8583|MAHSING|0.930|0.935|0.915|-0.015|-1.61|27,422
858317|MAHSING-C17|0.040|0.000|0.000|0.000|0.00|0
858318|MAHSING-C18|0.030|0.000|0.000|0.000|0.00|0
858319|MAHSING-C19|0.030|0.000|0.000|0.000|0.00|0
8583WC|MAHSING-WC|0.020|0.000|0.000|0.000|0.00|0
5264|MALAKOF|0.905|0.900|0.895|-0.010|-1.10|17,795
526412|MALAKOFC12|0.005|0.005|0.005|0.000|0.00|1,590
526413|MALAKOFC13|0.010|0.000|0.000|0.000|0.00|0
526414|MALAKOFC14|0.005|0.000|0.000|0.000|0.00|0
526415|MALAKOFC15|0.025|0.000|0.000|0.000|0.00|0
526416|MALAKOFC16|0.020|0.010|0.010|-0.010|-50.00|1,800
526417|MALAKOFC17|0.090|0.000|0.000|0.000|0.00|0
526418|MALAKOFC18|0.055|0.055|0.055|0.000|0.00|10,400
526419|MALAKOFC19|0.115|0.115|0.110|-0.005|-4.35|5,000
526420|MALAKOFC20|0.085|0.000|0.000|0.000|0.00|0
526421|MALAKOFC21|0.070|0.070|0.070|0.000|0.00|1,700
4936|MALPAC|0.850|0.000|0.000|0.000|0.00|0
6181|MALTON|0.515|0.520|0.530|+0.015|+2.91|44,466
1058|MANULFE|2.550|0.000|0.000|0.000|0.00|0
3514|MARCO|0.125|0.125|0.125|0.000|0.00|2,450
5098|MASTEEL|0.515|0.525|0.510|-0.005|-0.97|37,487
7029|MASTER|0.675|0.690|0.715|+0.040|+5.93|10,318
0189|MATANG|0.070|0.070|0.070|0.000|0.00|30,720
5236|MATRIX|1.960|1.960|1.950|-0.010|-0.51|576
5236WA|MATRIX-WA|0.140|0.130|0.130|-0.010|-7.14|320
6012|MAXIS|5.360|5.360|5.350|-0.010|-0.19|7,027
601210|MAXIS-C10|0.065|0.000|0.000|0.000|0.00|0
6012C8|MAXIS-C8|0.065|0.000|0.000|0.000|0.00|0
6012C9|MAXIS-C9|0.045|0.000|0.000|0.000|0.00|0
5189|MAXWELL|0.010|0.000|0.000|0.000|0.00|0
5189WA|MAXWELL-WA|0.005|0.000|0.000|0.000|0.00|0
1155|MAYBANK|9.470|9.480|9.490|+0.020|+0.21|65,596
115543|MAYBANKC43|0.075|0.080|0.080|+0.005|+6.67|350
115544|MAYBANKC44|0.005|0.000|0.000|0.000|0.00|0
115545|MAYBANKC45|0.020|0.000|0.000|0.000|0.00|0
115546|MAYBANKC46|0.005|0.005|0.010|+0.005|+100.00|3,000
115547|MAYBANKC47|0.035|0.000|0.000|0.000|0.00|0
115548|MAYBANKC48|0.030|0.000|0.000|0.000|0.00|0
115549|MAYBANKC49|0.120|0.110|0.110|-0.010|-8.33|16,100
115550|MAYBANKC50|0.105|0.000|0.000|0.000|0.00|0
115551|MAYBANKC51|0.110|0.000|0.000|0.000|0.00|0
115552|MAYBANKC52|0.045|0.050|0.050|+0.005|+11.11|4,100
115553|MAYBANKC53|0.150|0.000|0.000|0.000|0.00|0
5077|MAYBULK|0.590|0.595|0.600|+0.010|+1.69|5,478
5886|MBG|0.800|0.000|0.000|0.000|0.00|0
5152|MBL|1.100|1.060|1.180|+0.080|+7.27|1,770
5152WA|MBL-WA|0.345|0.380|0.380|+0.035|+10.14|10
5983|MBMR|2.610|2.650|2.670|+0.060|+2.30|1,360
1171|MBSB|0.985|0.990|0.980|-0.005|-0.51|31,814
117115|MBSB-C15|0.010|0.000|0.000|0.000|0.00|0
117116|MBSB-C16|0.060|0.000|0.000|0.000|0.00|0
117117|MBSB-C17|0.050|0.050|0.045|-0.005|-10.00|2,228
117118|MBSB-C18|0.055|0.000|0.000|0.000|0.00|0
117119|MBSB-C19|0.060|0.000|0.000|0.000|0.00|0
117120|MBSB-C20|0.025|0.000|0.000|0.000|0.00|0
117121|MBSB-C21|0.150|0.000|0.000|0.000|0.00|0
7189|MBWORLD|1.630|0.000|0.000|0.000|0.00|0
7004|MCEHLDG|0.570|0.000|0.000|0.000|0.00|0
0167|MCLEAN|0.090|0.090|0.090|0.000|0.00|100
0167WB|MCLEAN-WB|0.015|0.015|0.015|0.000|0.00|96
5182|MCT|0.665|0.000|0.000|0.000|0.00|0
5040|MEDAINC|0.300|0.300|0.300|0.000|0.00|12,250
5040WA|MEDAINC-WA|0.095|0.000|0.000|0.000|0.00|0
5040WB|MEDAINC-WB|0.025|0.000|0.000|0.000|0.00|0
5040WC|MEDAINC-WC|0.025|0.000|0.000|0.000|0.00|0
4502|MEDIA|0.515|0.515|0.515|0.000|0.00|12,452
5090|MEDIAC|0.225|0.230|0.225|0.000|0.00|1,795
0081|MEGASUN|0.160|0.150|0.150|-0.010|-6.25|300
0081WA|MEGASUN-WA|0.040|0.040|0.040|0.000|0.00|120
5129|MELATI|0.470|0.450|0.470|0.000|0.00|250
3778|MELEWAR|0.135|0.135|0.130|-0.005|-3.70|570
3778WB|MELEWAR-WB|0.045|0.000|0.000|0.000|0.00|0
1694|MENANG|0.380|0.385|0.395|+0.015|+3.95|409
1694WB|MENANG-WB|0.010|0.005|0.010|0.000|0.00|336
0577C2|MENGNIU-C2|0.180|0.000|0.000|0.000|0.00|0
5223|MENTIGA|0.470|0.000|0.000|0.000|0.00|0
8192|MERCURY|0.860|0.855|0.850|-0.010|-1.16|150
5006|MERGE|1.300|1.300|1.290|-0.010|-0.77|1,928
7234|MESB|0.295|0.305|0.320|+0.025|+8.47|372
7234WA|MESB-WA|0.105|0.100|0.100|-0.005|-4.76|475
0826EA|METFAPA|1.040|0.000|0.000|0.000|0.00|0
0825EA|METFSID|0.806|0.000|0.000|0.000|0.00|0
0827EA|METFUS50|1.065|0.000|0.000|0.000|0.00|0
6149|METROD|1.700|0.000|0.000|0.000|0.00|0
3069|MFCB|3.800|3.840|3.800|0.000|0.00|1,728
3069WA|MFCB-WA|1.600|1.610|1.570|-0.030|-1.88|1,678
03015|MFGROUP|0.220|0.000|0.000|0.000|0.00|0
3662|MFLOUR|0.740|0.750|0.790|+0.050|+6.76|231,610
3662LA|MFLOUR-LA|1.400|1.430|1.500|+0.100|+7.14|2,388
3662WC|MFLOUR-WC|0.315|0.320|0.405|+0.090|+28.57|102,038
7595|MGB|0.760|0.760|0.750|-0.010|-1.32|26
7595WA|MGB-WA|0.250|0.000|0.000|0.000|0.00|0
0155|MGRC|0.300|0.000|0.000|0.000|0.00|0
5186|MHB|0.750|0.750|0.770|+0.020|+2.67|2,073
518613|MHB-C13|0.030|0.000|0.000|0.000|0.00|0
5026|MHC|0.600|0.595|0.595|-0.005|-0.83|32
03005|MHCARE|0.540|0.000|0.000|0.000|0.00|0
5286|MI|2.180|2.180|2.240|+0.060|+2.75|2,450
5286CA|MI-CA|0.090|0.000|0.000|0.000|0.00|0
5286CB|MI-CB|0.035|0.000|0.000|0.000|0.00|0
5286CC|MI-CC|0.065|0.000|0.000|0.000|0.00|0
5286CD|MI-CD|0.125|0.135|0.135|+0.010|+8.00|200
5286CE|MI-CE|0.150|0.000|0.000|0.000|0.00|0
5286CF|MI-CF|0.125|0.000|0.000|0.000|0.00|0
0126|MICROLN|0.415|0.380|0.425|+0.010|+2.41|360
5001|MIECO|0.280|0.280|0.290|+0.010|+3.57|8,187
0112|MIKROMB|0.255|0.250|0.255|0.000|0.00|1,200
7935|MILUX|0.680|0.000|0.000|0.000|0.00|0
5166|MINDA|0.050|0.045|0.050|0.000|0.00|900
7219|MINETEC|0.055|0.050|0.055|0.000|0.00|750
7219WA|MINETEC-WA|0.005|0.000|0.000|0.000|0.00|0
5576|MINHO|0.300|0.300|0.300|0.000|0.00|470
5576WC|MINHO-WC|0.060|0.060|0.060|0.000|0.00|1,281
3816|MISC|6.710|6.720|6.710|0.000|0.00|5,434
381619|MISC-C19|0.175|0.160|0.160|-0.015|-8.57|8
381620|MISC-C20|0.095|0.000|0.000|0.000|0.00|0
381621|MISC-C21|0.160|0.000|0.000|0.000|0.00|0
9571|MITRA|0.375|0.380|0.415|+0.040|+10.67|324,770
9571WD|MITRA-WD|0.040|0.040|0.050|+0.010|+25.00|27,737
9571WE|MITRA-WE|0.085|0.085|0.100|+0.015|+17.65|2,047
8141|MJPERAK|0.210|0.210|0.205|-0.005|-2.38|2,807
6114|MKH|1.310|1.310|1.310|0.000|0.00|899
8893|MKLAND|0.195|0.195|0.190|-0.005|-2.56|3,457
0085|MLAB|0.045|0.040|0.040|-0.005|-11.11|2,000
0085WA|MLAB-WA|0.005|0.010|0.010|+0.005|+100.00|1,000
0085WB|MLAB-WB|0.010|0.000|0.000|0.000|0.00|0
0034|MMAG|0.225|0.230|0.225|0.000|0.00|850
0034PA|MMAG-PA|0.090|0.090|0.090|0.000|0.00|7,860
0034WB|MMAG-WB|0.065|0.065|0.065|0.000|0.00|8,500
2194|MMCCORP|1.130|1.140|1.160|+0.030|+2.65|29,239
0113|MMSV|0.960|0.955|0.950|-0.010|-1.04|329
0103|MNC|0.040|0.000|0.000|0.000|0.00|0
0103WA|MNC-WA|0.010|0.010|0.010|0.000|0.00|1
6459|MNRB|1.010|1.010|1.020|+0.010|+0.99|8,620
0156|MPAY|0.120|0.120|0.125|+0.005|+4.17|24,221
6548|MPCORP|0.045|0.000|0.000|0.000|0.00|0
5237|MPHBCAP|1.090|1.070|1.080|-0.010|-0.92|1,004
3867|MPI|9.810|9.800|9.840|+0.030|+0.31|2,102
5123|MQREIT|1.080|1.080|1.080|0.000|0.00|2,365
0070|MQTECH|0.030|0.030|0.030|0.000|0.00|990
0070WA|MQTECH-WA|0.005|0.000|0.000|0.000|0.00|0
1651|MRCB|0.815|0.815|0.825|+0.010|+1.23|37,431
165134|MRCB-C34|0.005|0.005|0.005|0.000|0.00|1,000
165135|MRCB-C35|0.005|0.000|0.000|0.000|0.00|0
165136|MRCB-C36|0.055|0.060|0.060|+0.005|+9.09|2,000
165137|MRCB-C37|0.090|0.090|0.090|0.000|0.00|400
165138|MRCB-C38|0.065|0.065|0.065|0.000|0.00|1,000
165139|MRCB-C39|0.130|0.135|0.130|0.000|0.00|1,510
165140|MRCB-C40|0.180|0.000|0.000|0.000|0.00|0
165141|MRCB-C41|0.140|0.145|0.150|+0.010|+7.14|154
165142|MRCB-C42|0.060|0.060|0.060|0.000|0.00|23,000
165143|MRCB-C43|0.090|0.095|0.095|+0.005|+5.56|2,020
1651WB|MRCB-WB|0.230|0.230|0.230|0.000|0.00|2,417
5916|MSC|0.890|0.895|0.905|+0.015|+1.69|1,462
5202|MSM|1.960|1.960|1.960|0.000|0.00|4,034
5011|MSNIAGA|1.520|1.520|1.580|+0.060|+3.95|522
5150|MSPORTS|0.010|0.000|0.000|0.000|0.00|0
5924|MTDACPI|0.160|0.160|0.165|+0.005|+3.13|2,419
0092|MTOUCHE|0.055|0.055|0.055|0.000|0.00|380
0092WB|MTOUCHE-WB|0.025|0.005|0.010|-0.015|-60.00|6,102
0092WC|MTOUCHE-WC|0.015|0.000|0.000|0.000|0.00|0
0043|MTRONIC|0.070|0.070|0.070|0.000|0.00|19,465
3883|MUDA|1.860|1.860|1.860|0.000|0.00|5,276
5085|MUDAJYA|0.325|0.325|0.335|+0.010|+3.08|25,642
9539|MUH|0.520|0.000|0.000|0.000|0.00|0
5703|MUHIBAH|2.900|2.950|2.950|+0.050|+1.72|897
3891|MUIIND|0.170|0.170|0.170|0.000|0.00|8,479
3913|MUIPROP|0.175|0.175|0.175|0.000|0.00|1,788
3905|MULPHA|2.410|2.410|2.460|+0.050|+2.07|2,498
5087|MYCRON|0.315|0.315|0.310|-0.005|-1.59|1,131
5087WA|MYCRON-WA|0.080|0.000|0.000|0.000|0.00|0
0138|MYEG|1.230|1.240|1.290|+0.060|+4.88|1,403,338
013844|MYEG-C44|0.125|0.135|0.155|+0.030|+24.00|54,269
013846|MYEG-C46|0.020|0.000|0.000|0.000|0.00|0
013847|MYEG-C47|0.010|0.000|0.000|0.000|0.00|0
013848|MYEG-C48|0.015|0.010|0.010|-0.005|-33.33|83
013849|MYEG-C49|0.005|0.000|0.000|0.000|0.00|0
013850|MYEG-C50|0.025|0.000|0.000|0.000|0.00|0
013851|MYEG-C51|0.005|0.010|0.010|+0.005|+100.00|1,000
013852|MYEG-C52|0.005|0.000|0.000|0.000|0.00|0
013853|MYEG-C53|0.025|0.030|0.030|+0.005|+20.00|260
013854|MYEG-C54|0.005|0.010|0.010|+0.005|+100.00|5,080
013855|MYEG-C55|0.100|0.105|0.110|+0.010|+10.00|294,998
013856|MYEG-C56|0.330|0.340|0.360|+0.030|+9.09|5,697
013857|MYEG-C57|0.175|0.180|0.195|+0.020|+11.43|23,824
013858|MYEG-C58|0.110|0.110|0.120|+0.010|+9.09|39,160
013859|MYEG-C59|0.165|0.170|0.185|+0.020|+12.12|69,906
013860|MYEG-C60|0.190|0.195|0.205|+0.015|+7.89|492
013861|MYEG-C61|0.110|0.115|0.130|+0.020|+18.18|65,936
013862|MYEG-C62|0.140|0.155|0.170|+0.030|+21.43|1,200
013863|MYEG-C63|0.130|0.140|0.150|+0.020|+15.38|15,500
0821EA|MYETFDJ|1.100|1.055|1.090|-0.010|-0.91|359
0824EA|MYETFID|1.110|0.000|0.000|0.000|0.00|0
03010|MYKRIS|0.300|0.000|0.000|0.000|0.00|0
5275|MYNEWS|1.350|1.350|1.370|+0.020|+1.48|3,048
0041|MYSCM|0.220|0.225|0.225|+0.005|+2.27|840
0108|N2N|0.900|0.890|0.890|-0.010|-1.11|5,203
0108WB|N2N-WB|0.280|0.260|0.260|-0.020|-7.14|1,513
0206|NADIBHD|0.260|0.260|0.265|+0.005|+1.92|11,123
5073|NAIM|0.895|0.900|0.900|+0.005|+0.56|46,099
9806|NATWIDE|0.300|0.000|0.000|0.000|0.00|0
4707|NESTLE|147.700|146.900|148.800|+1.100|+0.74|153
4707CE|NESTLE-CE|0.040|0.050|0.050|+0.010|+25.00|100
0020|NETX|0.015|0.010|0.015|0.000|0.00|34,066
0020WB|NETX-WB|0.005|0.000|0.000|0.000|0.00|0
0096|NEXGRAM|0.020|0.015|0.020|0.000|0.00|246,279
0096WA|NEXGRAM-WA|0.005|0.005|0.005|0.000|0.00|3,200
0096WB|NEXGRAM-WB|0.005|0.000|0.000|0.000|0.00|0
0096WC|NEXGRAM-WC|0.005|0.005|0.005|0.000|0.00|22,996
7241|NGGB|0.480|0.480|0.485|+0.005|+1.04|12,912
7241WA|NGGB-WA|0.180|0.180|0.185|+0.005|+2.78|53,419
7060|NHFATT|2.700|0.000|0.000|0.000|0.00|0
7139|NICE|0.035|0.035|0.035|0.000|0.00|2,621
7139WB|NICE-WB|0.010|0.000|0.000|0.000|0.00|0
7215|NIHSIN|0.285|0.285|0.295|+0.010|+3.51|22,588
0083|NOTION|0.590|0.595|0.595|+0.005|+0.85|15,860
0083WC|NOTION-WC|0.255|0.270|0.265|+0.010|+3.92|76
0201|NOVA|0.485|0.490|0.500|+0.015|+3.09|1,580
0026|NOVAMSC|0.120|0.125|0.125|+0.005|+4.17|57,642
5047|NPC|2.000|0.000|0.000|0.000|0.00|0
03006|NPS|0.280|0.000|0.000|0.000|0.00|0
2038|NSOP|3.270|0.000|0.000|0.000|0.00|0
5066|NTPM|0.510|0.510|0.500|-0.010|-1.96|912
5025|NWP|0.065|0.065|0.065|0.000|0.00|1,450
4944|NYLEX|0.665|0.665|0.650|-0.015|-2.26|920
5533|OCB|0.430|0.000|0.000|0.000|0.00|0
0172|OCK|0.570|0.570|0.565|-0.005|-0.88|11,600
0172WA|OCK-WA|0.095|0.095|0.100|+0.005|+5.26|7,605
0049|OCNCASH|0.430|0.425|0.460|+0.030|+6.98|7,317
7071|OCR|0.235|0.235|0.240|+0.005|+2.13|6,631
7071PA|OCR-PA|0.020|0.020|0.020|0.000|0.00|5,509
7071WC|OCR-WC|0.030|0.000|0.000|0.000|0.00|0
7071WD|OCR-WD|0.050|0.050|0.055|+0.005|+10.00|1,635
7107|OFI|0.830|0.815|0.830|0.000|0.00|2,375
5827|OIB|2.050|2.030|2.030|-0.020|-0.98|16
7140|OKA|0.665|0.665|0.665|0.000|0.00|637
3018|OLYMPIA|0.105|0.105|0.115|+0.010|+9.52|6,727
9008|OMESTI|0.380|0.380|0.385|+0.005|+1.32|2,110
0035|OPCOM|0.625|0.635|0.635|+0.010|+1.60|3,122
0040|OPENSYS|0.330|0.330|0.340|+0.010|+3.03|12,472
4006|ORIENT|6.750|6.750|6.820|+0.070|+1.04|3,969
0079|ORION|0.165|0.165|0.170|+0.005|+3.03|45,400
0079WA|ORION-WA|0.070|0.070|0.070|0.000|0.00|28,655
5065|ORNA|1.060|1.060|1.060|0.000|0.00|1,005
5053|OSK|0.955|0.960|0.960|+0.005|+0.52|1,283
5053WC|OSK-WC|0.045|0.040|0.040|-0.005|-11.11|2,583
0053|OSKVI|0.465|0.460|0.480|+0.015|+3.23|420
0153|OVERSEA|0.115|0.000|0.000|0.000|0.00|0
5260|OWG|0.610|0.615|0.645|+0.035|+5.74|6,843
5260WA|OWG-WA|0.170|0.170|0.190|+0.020|+11.76|9,707
6009|P&O|1.000|0.995|1.000|0.000|0.00|738
7225|PA|0.055|0.055|0.055|0.000|0.00|1,800
7225WB|PA-WB|0.040|0.035|0.040|0.000|0.00|1,645
7052|PADINI|3.800|3.850|3.750|-0.050|-1.32|4,244
7052CV|PADINI-CV|0.005|0.000|0.000|0.000|0.00|0
7052CW|PADINI-CW|0.010|0.005|0.005|-0.005|-50.00|500
7052CX|PADINI-CX|0.130|0.000|0.000|0.000|0.00|0
7052CY|PADINI-CY|0.095|0.095|0.090|-0.005|-5.26|4,100
7052CZ|PADINI-CZ|0.125|0.000|0.000|0.000|0.00|0
3719|PANAMY|38.060|0.000|0.000|0.000|0.00|0
8419|PANSAR|0.805|0.820|0.805|0.000|0.00|7,282
8419WA|PANSAR-WA|0.305|0.300|0.305|0.000|0.00|8,263
5125|PANTECH|0.560|0.560|0.565|+0.005|+0.89|5,349
5125WA|PANTECH-WA|0.110|0.115|0.125|+0.015|+13.64|1,194
5125WB|PANTECH-WB|0.130|0.150|0.135|+0.005|+3.85|125
5022|PAOS|0.365|0.365|0.395|+0.030|+8.22|1,955
5022WA|PAOS-WA|0.060|0.060|0.070|+0.010|+16.67|7,441
9407|PARAGON|0.280|0.275|0.275|-0.005|-1.79|70
1724|PARAMON|2.150|2.130|2.150|0.000|0.00|489
5657|PARKSON|0.255|0.255|0.250|-0.005|-1.96|20,529
0022|PARLO|0.080|0.075|0.075|-0.005|-6.25|3,091
6912|PASDEC|0.390|0.390|0.390|0.000|0.00|360
6912WA|PASDEC-WA|0.070|0.070|0.070|0.000|0.00|421
0177|PASUKGB|0.050|0.055|0.055|+0.005|+10.00|60
5212|PAVREIT|1.750|1.740|1.720|-0.030|-1.71|2,958
5041|PBA|1.140|1.150|1.150|+0.010|+0.88|225
1295|PBBANK|24.200|24.260|24.400|+0.200|+0.83|27,074
129526|PBBANK-C26|0.050|0.000|0.000|0.000|0.00|0
129527|PBBANK-C27|0.030|0.030|0.030|0.000|0.00|3,000
129528|PBBANK-C28|0.105|0.000|0.000|0.000|0.00|0
129529|PBBANK-C29|0.160|0.000|0.000|0.000|0.00|0
129530|PBBANK-C30|0.110|0.000|0.000|0.000|0.00|0
129531|PBBANK-C31|0.160|0.155|0.155|-0.005|-3.13|3,802
6068|PCCS|0.335|0.345|0.405|+0.070|+20.90|312,853
6068WA|PCCS-WA|0.090|0.090|0.105|+0.015|+16.67|112,800
5183|PCHEM|9.200|9.180|9.260|+0.060|+0.65|82,803
518322|PCHEM-C22|0.030|0.000|0.000|0.000|0.00|0
518323|PCHEM-C23|0.015|0.000|0.000|0.000|0.00|0
518324|PCHEM-C24|0.015|0.000|0.000|0.000|0.00|0
518325|PCHEM-C25|0.065|0.000|0.000|0.000|0.00|0
518326|PCHEM-C26|0.120|0.000|0.000|0.000|0.00|0
518327|PCHEM-C27|0.160|0.160|0.160|0.000|0.00|250
518328|PCHEM-C28|0.150|0.000|0.000|0.000|0.00|0
518329|PCHEM-C29|0.155|0.000|0.000|0.000|0.00|0
518330|PCHEM-C30|0.195|0.000|0.000|0.000|0.00|0
518331|PCHEM-C31|0.105|0.105|0.105|0.000|0.00|16
6254|PDZ|0.035|0.030|0.035|0.000|0.00|27,500
6254WB|PDZ-WB|0.010|0.010|0.010|0.000|0.00|2,499
5622|PEB|0.845|0.900|0.900|+0.055|+6.51|10
5271|PECCA|1.060|1.060|1.110|+0.050|+4.72|25,142
5231|PELIKAN|0.340|0.340|0.340|0.000|0.00|470
5133|PENERGY|1.080|1.090|1.060|-0.020|-1.85|12,486
9997|PENSONI|0.400|0.000|0.000|0.000|0.00|0
9997WB|PENSONI-WB|0.125|0.115|0.115|-0.010|-8.00|1,264
7160|PENTA|3.410|3.410|3.400|-0.010|-0.29|5,633
7108|PERDANA|0.290|0.290|0.300|+0.010|+3.45|373,347
0047|PERISAI|0.005|0.000|0.000|0.000|0.00|0
7080|PERMAJU|0.410|0.410|0.415|+0.005|+1.22|100,023
5436|PERSTIM|4.880|4.880|4.880|0.000|0.00|50
8311|PESONA|0.205|0.210|0.215|+0.010|+4.88|6,075
8311WC|PESONA-WC|0.045|0.040|0.045|0.000|0.00|6,264
5219|PESTECH|1.140|1.140|1.150|+0.010|+0.88|549
5219CF|PESTECH-CF|0.005|0.000|0.000|0.000|0.00|0
5681|PETDAG|25.900|25.500|25.700|-0.200|-0.77|2,802
5681CW|PETDAG-CW|0.005|0.000|0.000|0.000|0.00|0
5681CX|PETDAG-CX|0.080|0.075|0.075|-0.005|-6.25|457
6033|PETGAS|17.740|17.880|17.760|+0.020|+0.11|13,393
6033CR|PETGAS-CR|0.020|0.000|0.000|0.000|0.00|0
6033CS|PETGAS-CS|0.020|0.000|0.000|0.000|0.00|0
3042|PETRONM|6.630|6.650|6.650|+0.020|+0.30|758
3042CS|PETRONM-CS|0.035|0.000|0.000|0.000|0.00|0
3611|PGLOBE|1.100|0.000|0.000|0.000|0.00|0
3611WA|PGLOBE-WA|0.110|0.070|0.070|-0.040|-36.36|35
7081|PHARMA|2.350|2.360|2.360|+0.010|+0.43|291
4464|PHB|0.025|0.025|0.025|0.000|0.00|6,995
7201|PICORP|0.125|0.130|0.130|+0.005|+4.00|70
7095|PIE|1.610|1.610|1.610|0.000|0.00|4,516
0006|PINEAPP|0.265|0.000|0.000|0.000|0.00|0
1902|PINEPAC|0.310|0.320|0.330|+0.020|+6.45|320
0527C2|PINGAN-C2|0.085|0.000|0.000|0.000|0.00|0
0527C3|PINGAN-C3|0.335|0.375|0.375|+0.040|+11.94|4,220
7163|PJBUMI|0.295|0.240|0.320|+0.025|+8.47|2,644
7163WA|PJBUMI-WA|0.080|0.050|0.050|-0.030|-37.50|30
0171|PLABS|0.280|0.285|0.285|+0.005|+1.79|950
7055|PLB|1.140|1.140|1.140|0.000|0.00|30
5075|PLENITU|1.470|1.470|1.520|+0.050|+3.40|226
9695|PLS|0.970|0.950|0.950|-0.020|-2.06|147
7172|PMBTECH|3.200|3.200|3.200|0.000|0.00|2,097
7172LA|PMBTECH-LA|3.210|0.000|0.000|0.000|0.00|0
7172WA|PMBTECH-WA|1.490|1.490|1.500|+0.010|+0.67|55
4081|PMCORP|0.145|0.000|0.000|0.000|0.00|0
8869|PMETAL|4.310|4.350|4.420|+0.110|+2.55|14,687
886915|PMETAL-C15|0.055|0.000|0.000|0.000|0.00|0
886916|PMETAL-C16|0.005|0.000|0.000|0.000|0.00|0
886917|PMETAL-C17|0.015|0.000|0.000|0.000|0.00|0
886918|PMETAL-C18|0.120|0.000|0.000|0.000|0.00|0
886919|PMETAL-C19|0.070|0.000|0.000|0.000|0.00|0
886920|PMETAL-C20|0.025|0.030|0.030|+0.005|+20.00|220
886921|PMETAL-C21|0.040|0.000|0.000|0.000|0.00|0
886922|PMETAL-C22|0.035|0.000|0.000|0.000|0.00|0
886923|PMETAL-C23|0.180|0.000|0.000|0.000|0.00|0
886924|PMETAL-C24|0.085|0.000|0.000|0.000|0.00|0
886925|PMETAL-C25|0.150|0.000|0.000|0.000|0.00|0
886926|PMETAL-C26|0.115|0.125|0.125|+0.010|+8.70|3,510
886927|PMETAL-C27|0.105|0.125|0.125|+0.020|+19.05|4
8869WC|PMETAL-WC|3.900|3.950|3.900|0.000|0.00|2,259
1287|PMHLDG|0.050|0.045|0.045|-0.005|-10.00|19,219
6637|PNEPCB|0.540|0.000|0.000|0.000|0.00|0
5080|POHKONG|0.485|0.500|0.480|-0.005|-1.03|171
7088|POHUAT|1.590|1.600|1.610|+0.020|+1.26|955
7088WB|POHUAT-WB|0.590|0.595|0.600|+0.010|+1.69|1,262
8117|POLY|0.425|0.425|0.425|0.000|0.00|220
03007|POLYMER|0.170|0.000|0.000|0.000|0.00|0
4634|POS|1.890|1.900|1.920|+0.030|+1.59|12,202
463421|POS-C21|0.005|0.000|0.000|0.000|0.00|0
463422|POS-C22|0.005|0.000|0.000|0.000|0.00|0
463423|POS-C23|0.005|0.000|0.000|0.000|0.00|0
463424|POS-C24|0.005|0.000|0.000|0.000|0.00|0
463425|POS-C25|0.005|0.000|0.000|0.000|0.00|0
463426|POS-C26|0.005|0.000|0.000|0.000|0.00|0
463427|POS-C27|0.010|0.000|0.000|0.000|0.00|0
463428|POS-C28|0.005|0.000|0.000|0.000|0.00|0
463429|POS-C29|0.035|0.035|0.035|0.000|0.00|4,000
463430|POS-C30|0.055|0.000|0.000|0.000|0.00|0
463431|POS-C31|0.085|0.085|0.085|0.000|0.00|3,015
463432|POS-C32|0.045|0.000|0.000|0.000|0.00|0
463433|POS-C33|0.120|0.130|0.130|+0.010|+8.33|2,817
463434|POS-C34|0.150|0.095|0.095|-0.055|-36.67|4,500
4065|PPB|18.380|18.440|18.260|-0.120|-0.65|3,088
4065CJ|PPB-CJ|0.115|0.000|0.000|0.000|0.00|0
7190|PPG|0.415|0.415|0.415|0.000|0.00|200
8273|PPHB|0.570|0.555|0.555|-0.015|-2.63|1,011
5204|PRESBHD|0.525|0.535|0.565|+0.040|+7.62|707,861
9873|PRESTAR|0.710|0.720|0.695|-0.015|-2.11|12,009
7168|PRG|0.745|0.740|0.745|0.000|0.00|4,679
7168WA|PRG-WA|0.390|0.345|0.390|0.000|0.00|690
0123|PRIVA|0.065|0.065|0.065|0.000|0.00|2,315
8346|PRKCORP|0.420|0.410|0.420|0.000|0.00|410
8966|PRLEXUS|0.590|0.600|0.600|+0.010|+1.69|410
8966WA|PRLEXUS-WA|0.100|0.105|0.100|0.000|0.00|1,750
5070|PRTASCO|0.245|0.245|0.255|+0.010|+4.08|32,720
5070WA|PRTASCO-WA|0.050|0.050|0.055|+0.005|+10.00|4,142
7145|PSIPTEK|0.130|0.125|0.130|0.000|0.00|3,987
7145WA|PSIPTEK-WA|0.025|0.025|0.025|0.000|0.00|4,000
9598|PTARAS|2.260|2.260|2.230|-0.030|-1.33|238
0038|PTB|0.150|0.000|0.000|0.000|0.00|0
0186|PTRANS|0.230|0.235|0.235|+0.005|+2.17|8,694
0186WA|PTRANS-WA|0.060|0.055|0.060|0.000|0.00|12,108
0007|PUC|0.095|0.095|0.095|0.000|0.00|159,956
0007WA|PUC-WA|0.065|0.060|0.060|-0.005|-7.69|1,490
6807|PUNCAK|0.380|0.380|0.385|+0.005|+1.32|3,651
7134|PWF|0.820|0.000|0.000|0.000|0.00|0
7134WA|PWF-WA|0.390|0.000|0.000|0.000|0.00|0
7123|PWORTH|0.040|0.040|0.040|0.000|0.00|33,246
7237|PWROOT|1.410|1.420|1.380|-0.030|-2.13|2,699
7237WA|PWROOT-WA|0.280|0.280|0.275|-0.005|-1.79|476
0196|QES|0.235|0.235|0.240|+0.005|+2.13|55,311
7084|QL|6.830|6.850|7.010|+0.180|+2.64|13,410
7084CL|QL-CL|0.060|0.060|0.060|0.000|0.00|2
7084CM|QL-CM|0.060|0.065|0.065|+0.005|+8.33|900
7084CN|QL-CN|0.085|0.095|0.105|+0.020|+23.53|13
7084CO|QL-CO|0.125|0.135|0.135|+0.010|+8.00|10,500
7544|QUALITY|0.815|0.000|0.000|0.000|0.00|0
7498|RALCO|0.220|0.000|0.000|0.000|0.00|0
7498WB|RALCO-WB|0.010|0.010|0.010|0.000|0.00|500
5272|RANHILL|1.280|1.290|1.370|+0.090|+7.03|11,482
7765|RAPID|5.670|5.620|5.660|-0.010|-0.18|13,585
9296|RCECAP|1.670|1.660|1.670|0.000|0.00|750
5256|REACH|0.290|0.290|0.300|+0.010|+3.45|54,865
5256WA|REACH-WA|0.050|0.050|0.060|+0.010|+20.00|190,371
03002|REDIDEA|0.280|0.000|0.000|0.000|0.00|0
0032|REDTONE|0.230|0.235|0.240|+0.010|+4.35|7,563
0032LA|REDTONE-LA|0.130|0.000|0.000|0.000|0.00|0
7232|RESINTC|0.300|0.000|0.000|0.000|0.00|0
0173|REV|0.195|0.200|0.195|0.000|0.00|1,220
0200|REVENUE|1.180|1.190|1.180|0.000|0.00|4,979
0200WA|REVENUE-WA|0.405|0.405|0.405|0.000|0.00|9,478
9946|REX|0.420|0.000|0.000|0.000|0.00|0
0106|REXIT|0.600|0.615|0.615|+0.015|+2.50|200
0037|RGB|0.210|0.215|0.215|+0.005|+2.38|18,824
9954|RGTBHD|0.175|0.175|0.175|0.000|0.00|16,545
9954WB|RGTBHD-WB|0.105|0.105|0.105|0.000|0.00|3,927
0202|RGTECH|0.240|0.240|0.235|-0.005|-2.08|4,466
1066|RHBBANK|5.580|5.660|5.630|+0.050|+0.90|86,999
106610|RHBBANKC10|0.090|0.000|0.000|0.000|0.00|0
106611|RHBBANKC11|0.050|0.055|0.045|-0.005|-10.00|1,248
106612|RHBBANKC12|0.085|0.090|0.090|+0.005|+5.88|4,400
106613|RHBBANKC13|0.070|0.075|0.080|+0.010|+14.29|1,725
5278|RHONEMA|0.750|0.000|0.000|0.000|0.00|0
9741|ROHAS|0.595|0.600|0.620|+0.025|+4.20|14,272
5113|RSAWIT|0.195|0.195|0.195|0.000|0.00|346
5270|RSENA|0.505|0.000|0.000|0.000|0.00|0
7803|RUBEREX|0.455|0.000|0.000|0.000|0.00|0
2542|RVIEW|3.000|3.030|3.030|+0.030|+1.00|10
5134|SAB|3.850|0.000|0.000|0.000|0.00|0
8567|SALCON|0.255|0.255|0.270|+0.015|+5.88|30,361
8567WB|SALCON-WB|0.080|0.080|0.085|+0.005|+6.25|16,196
0183|SALUTE|0.380|0.380|0.380|0.000|0.00|2,565
9822|SAM|7.920|8.060|7.890|-0.030|-0.38|1,033
5147|SAMCHEM|0.605|0.610|0.605|0.000|0.00|2,037
9113|SANBUMI|0.335|0.335|0.335|0.000|0.00|1,449
0541C9|SANDS-C9|0.115|0.000|0.000|0.000|0.00|0
0133|SANICHI|0.055|0.055|0.055|0.000|0.00|8,425
0133WC|SANICHI-WC|0.005|0.000|0.000|0.000|0.00|0
0133WD|SANICHI-WD|0.005|0.000|0.000|0.000|0.00|0
0133WE|SANICHI-WE|0.020|0.015|0.015|-0.005|-25.00|125
7811|SAPIND|0.710|0.710|0.710|0.000|0.00|20
5218|SAPNRG|0.315|0.320|0.325|+0.010|+3.17|2,334,097
5218PA|SAPNRG-PA|0.370|0.370|0.360|-0.010|-2.70|877
5218WA|SAPNRG-WA|0.100|0.100|0.100|0.000|0.00|566,590
521868|SAPNRGC68|0.005|0.000|0.000|0.000|0.00|0
521869|SAPNRGC69|0.010|0.000|0.000|0.000|0.00|0
521870|SAPNRGC70|0.055|0.000|0.000|0.000|0.00|0
521871|SAPNRGC71|0.005|0.000|0.000|0.000|0.00|0
521872|SAPNRGC72|0.020|0.005|0.005|-0.015|-75.00|1
521873|SAPNRGC73|0.030|0.030|0.030|0.000|0.00|300
521874|SAPNRGC74|0.030|0.000|0.000|0.000|0.00|0
521875|SAPNRGC75|0.080|0.080|0.085|+0.005|+6.25|8,500
521876|SAPNRGC76|0.075|0.075|0.075|0.000|0.00|46,450
4596|SAPRES|0.650|0.650|0.650|0.000|0.00|180
5252|SASBADI|0.230|0.230|0.235|+0.005|+2.17|35,762
5157|SAUDEE|0.305|0.305|0.305|0.000|0.00|250
5157WA|SAUDEE-WA|0.115|0.000|0.000|0.000|0.00|0
2569|SBAGAN|2.960|2.980|2.980|+0.020|+0.68|20
5207|SBCCORP|0.500|0.495|0.490|-0.010|-2.00|250
5170|SCABLE|0.405|0.410|0.415|+0.010|+2.47|14,912
0109|SCBUILD|0.025|0.025|0.025|0.000|0.00|5,900
0109WB|SCBUILD-WB|0.005|0.000|0.000|0.000|0.00|0
0158|SCC|0.520|0.000|0.000|0.000|0.00|0
7247|SCGM|1.190|1.200|1.160|-0.030|-2.52|2,508
7247WA|SCGM-WA|0.120|0.000|0.000|0.000|0.00|0
0161|SCH|0.140|0.135|0.135|-0.005|-3.57|1,250
0161WA|SCH-WA|0.040|0.040|0.040|0.000|0.00|1,130
9237|SCIB|0.520|0.485|0.545|+0.025|+4.81|515
0099|SCICOM|1.130|1.130|1.150|+0.020|+1.77|398
4731|SCIENTX|8.520|8.500|8.330|-0.190|-2.23|1,987
4731CF|SCIENTX-CF|0.060|0.065|0.055|-0.005|-8.33|631
7239|SCNWOLF|0.175|0.000|0.000|0.000|0.00|0
7158|SCOMI|0.045|0.045|0.040|-0.005|-11.11|40,886
7158WB|SCOMI-WB|0.010|0.010|0.010|0.000|0.00|554
7045|SCOMIES|0.060|0.060|0.060|0.000|0.00|22,049
0001|SCOMNET|0.760|0.760|0.755|-0.005|-0.66|11,011
0028|SCOPE|0.190|0.195|0.230|+0.040|+21.05|41,175
0028WA|SCOPE-WA|0.055|0.060|0.080|+0.025|+45.45|11,114
2224|SDRED|0.655|0.630|0.675|+0.020|+3.05|71
7073|SEACERA|0.380|0.380|0.380|0.000|0.00|301,362
7073WB|SEACERA-WB|0.005|0.000|0.000|0.000|0.00|0
7073WC|SEACERA-WC|0.050|0.050|0.045|-0.005|-10.00|38,558
4286|SEAL|0.350|0.335|0.340|-0.010|-2.86|372
5145|SEALINK|0.130|0.130|0.130|0.000|0.00|3,087
5163|SEB|0.445|0.445|0.445|0.000|0.00|10
0178|SEDANIA|0.120|0.120|0.120|0.000|0.00|218
7053|SEEHUP|0.910|0.000|0.000|0.000|0.00|0
03009|SEERS|0.100|0.000|0.000|0.000|0.00|0
9792|SEG|0.630|0.000|0.000|0.000|0.00|0
5250|SEM|1.440|1.440|1.400|-0.040|-2.78|2,700
5205|SENDAI|0.555|0.555|0.555|0.000|0.00|65,470
5279|SERBADK|3.790|3.820|3.800|+0.010|+0.26|15,824
5279CN|SERBADK-CN|0.010|0.000|0.000|0.000|0.00|0
5279CO|SERBADK-CO|0.020|0.000|0.000|0.000|0.00|0
5279CP|SERBADK-CP|0.090|0.000|0.000|0.000|0.00|0
5279CQ|SERBADK-CQ|0.170|0.000|0.000|0.000|0.00|0
5279CR|SERBADK-CR|0.160|0.000|0.000|0.000|0.00|0
5279CS|SERBADK-CS|0.090|0.090|0.090|0.000|0.00|200
7180|SERNKOU|0.500|0.500|0.540|+0.040|+8.00|2,030
7180WA|SERNKOU-WA|0.210|0.200|0.200|-0.010|-4.76|500
0055|SERSOL|0.090|0.090|0.095|+0.005|+5.56|201
0055WA|SERSOL-WA|0.045|0.000|0.000|0.000|0.00|0
7165|SGB|0.840|0.000|0.000|0.000|0.00|0
7165PA|SGB-PA|0.250|0.000|0.000|0.000|0.00|0
7165WA|SGB-WA|0.225|0.225|0.225|0.000|0.00|1,680
5517|SHANG|5.640|0.000|0.000|0.000|0.00|0
4316|SHCHAN|0.370|0.370|0.370|0.000|0.00|14
7412|SHH|0.500|0.495|0.495|-0.005|-1.00|30
6017|SHL|2.400|2.430|2.430|+0.030|+1.25|20
5181|SIGGAS|0.865|0.865|0.865|0.000|0.00|2,600
7246|SIGN|0.395|0.395|0.415|+0.020|+5.06|3,496
7246WA|SIGN-WA|0.070|0.070|0.070|0.000|0.00|500
4197|SIME|2.150|2.150|2.160|+0.010|+0.47|101,032
419725|SIME-C25|0.030|0.000|0.000|0.000|0.00|0
419727|SIME-C27|0.005|0.000|0.000|0.000|0.00|0
419728|SIME-C28|0.015|0.000|0.000|0.000|0.00|0
419729|SIME-C29|0.040|0.000|0.000|0.000|0.00|0
419730|SIME-C30|0.035|0.035|0.035|0.000|0.00|100
419731|SIME-C31|0.040|0.035|0.035|-0.005|-12.50|3,000
419732|SIME-C32|0.080|0.080|0.080|0.000|0.00|2,000
419733|SIME-C33|0.045|0.000|0.000|0.000|0.00|0
5285|SIMEPLT|5.100|5.060|5.080|-0.020|-0.39|19,532
5285CH|SIMEPLT-CH|0.030|0.000|0.000|0.000|0.00|0
5285CI|SIMEPLT-CI|0.045|0.040|0.035|-0.010|-22.22|4
5285CJ|SIMEPLT-CJ|0.095|0.095|0.095|0.000|0.00|10,981
5288|SIMEPROP|1.030|1.030|1.050|+0.020|+1.94|11,038
5288CG|SIMEPROP-CG|0.020|0.000|0.000|0.000|0.00|0
5288CH|SIMEPROP-CH|0.050|0.000|0.000|0.000|0.00|0
5288CI|SIMEPROP-CI|0.005|0.000|0.000|0.000|0.00|0
5288CJ|SIMEPROP-CJ|0.020|0.000|0.000|0.000|0.00|0
5288CK|SIMEPROP-CK|0.035|0.000|0.000|0.000|0.00|0
5288CL|SIMEPROP-CL|0.055|0.055|0.055|0.000|0.00|900
8532|SINOTOP|0.280|0.280|0.280|0.000|0.00|317
9431|SJC|0.610|0.000|0.000|0.000|0.00|0
7115|SKBSHUT|0.615|0.615|0.650|+0.035|+5.69|170
7155|SKPRES|1.300|1.300|1.290|-0.010|-0.77|29,223
7155CN|SKPRES-CN|0.040|0.000|0.000|0.000|0.00|0
7155CO|SKPRES-CO|0.045|0.040|0.045|0.000|0.00|19,510
7155CP|SKPRES-CP|0.055|0.050|0.050|-0.005|-9.09|2,000
7155CQ|SKPRES-CQ|0.150|0.105|0.105|-0.045|-30.00|4,000
03008|SLIC|0.420|0.000|0.000|0.000|0.00|0
7248|SLP|1.240|1.210|1.240|0.000|0.00|266
9776|SMCAP|0.160|0.160|0.180|+0.020|+12.50|25,254
9776WC|SMCAP-WC|0.075|0.070|0.085|+0.010|+13.33|1,471
0203|SMETRIC|0.555|0.560|0.560|+0.005|+0.90|18,963
4375|SMI|0.165|0.160|0.190|+0.025|+15.15|7,754
7132|SMISCOR|0.435|0.000|0.000|0.000|0.00|0
0117|SMRT|0.120|0.120|0.120|0.000|0.00|600
0169|SMTRACK|0.070|0.075|0.070|0.000|0.00|17,497
7943|SNC|0.240|0.240|0.240|0.000|0.00|60
5213|SNTORIA|0.410|0.435|0.385|-0.025|-6.10|6
5213WA|SNTORIA-WA|0.005|0.000|0.000|0.000|0.00|0
5213WB|SNTORIA-WB|0.055|0.000|0.000|0.000|0.00|0
5242|SOLID|0.290|0.000|0.000|0.000|0.00|0
5242WA|SOLID-WA|0.080|0.000|0.000|0.000|0.00|0
0093|SOLUTN|0.095|0.090|0.090|-0.005|-5.26|6,903
0093WA|SOLUTN-WA|0.030|0.030|0.030|0.000|0.00|303
5126|SOP|2.590|2.570|2.560|-0.030|-1.16|328
0656CF|SP500-CF|0.025|0.000|0.000|0.000|0.00|0
0656CG|SP500-CG|0.690|0.800|0.790|+0.100|+14.49|996
0656CH|SP500-CH|1.440|0.000|0.000|0.000|0.00|0
0656CI|SP500-CI|0.755|0.000|0.000|0.000|0.00|0
0656HF|SP500-HF|0.005|0.005|0.005|0.000|0.00|10,988
0656HG|SP500-HG|0.270|0.220|0.230|-0.040|-14.81|5,731
0656HH|SP500-HH|0.370|0.325|0.325|-0.045|-12.16|565
0656HI|SP500-HI|1.010|0.000|0.000|0.000|0.00|0
1783|SPB|6.220|6.220|6.220|0.000|0.00|1,059
7103|SPRITZER|2.180|2.100|2.100|-0.080|-3.67|13
8664|SPSETIA|2.250|2.270|2.260|+0.010|+0.44|4,414
866410|SPSETIA-C10|0.010|0.000|0.000|0.000|0.00|0
866411|SPSETIA-C11|0.070|0.000|0.000|0.000|0.00|0
866412|SPSETIA-C12|0.105|0.000|0.000|0.000|0.00|0
866413|SPSETIA-C13|0.085|0.085|0.085|0.000|0.00|500
866414|SPSETIA-C14|0.125|0.130|0.125|0.000|0.00|4
866415|SPSETIA-C15|0.150|0.000|0.000|0.000|0.00|0
866416|SPSETIA-C16|0.080|0.080|0.080|0.000|0.00|700
8664C9|SPSETIA-C9|0.005|0.000|0.000|0.000|0.00|0
8664PA|SPSETIA-PA|0.900|0.900|0.910|+0.010|+1.11|1,391
8664PB|SPSETIA-PB|0.800|0.790|0.790|-0.010|-1.25|32
0129|SRIDGE|0.225|0.225|0.220|-0.005|-2.22|18,401
0129WA|SRIDGE-WA|0.060|0.070|0.070|+0.010|+16.67|203
5665|SSTEEL|0.845|0.840|0.850|+0.005|+0.59|1,104
5665LB|SSTEEL-LB|0.760|0.000|0.000|0.000|0.00|0
6084|STAR|0.775|0.775|0.780|+0.005|+0.65|1,700
0140|STERPRO|0.170|0.165|0.165|-0.005|-2.94|1,785
0140WA|STERPRO-WA|0.040|0.000|0.000|0.000|0.00|0
7143|STONE|0.130|0.135|0.135|+0.005|+3.85|10
7143WA|STONE-WA|0.015|0.010|0.010|-0.005|-33.33|953
0080|STRAITS|0.235|0.235|0.230|-0.005|-2.13|20,481
0080WA|STRAITS-WA|0.120|0.120|0.120|0.000|0.00|11,550
6904|SUBUR|0.530|0.000|0.000|0.000|0.00|0
7207|SUCCESS|0.730|0.730|0.720|-0.010|-1.37|4,510
9865|SUIWAH|2.670|2.670|2.670|0.000|0.00|140
1201|SUMATEC|0.010|0.005|0.005|-0.005|-50.00|16,540
1201WA|SUMATEC-WA|0.005|0.000|0.000|0.000|0.00|0
5263|SUNCON|1.790|1.770|1.780|-0.010|-0.56|6,639
5263CT|SUNCON-CT|0.005|0.000|0.000|0.000|0.00|0
5263CU|SUNCON-CU|0.055|0.000|0.000|0.000|0.00|0
5263CV|SUNCON-CV|0.030|0.000|0.000|0.000|0.00|0
5176|SUNREIT|1.770|1.760|1.750|-0.020|-1.13|67,037
3743|SUNSURIA|0.625|0.625|0.625|0.000|0.00|126
3743WA|SUNSURIA-WA|0.040|0.045|0.045|+0.005|+12.50|550
5211|SUNWAY|1.650|1.650|1.650|0.000|0.00|4,704
5211CR|SUNWAY-CR|0.035|0.000|0.000|0.000|0.00|0
5211CS|SUNWAY-CS|0.010|0.000|0.000|0.000|0.00|0
5211WB|SUNWAY-WB|0.280|0.275|0.280|0.000|0.00|3,810
0148|SUNZEN|0.165|0.170|0.160|-0.005|-3.03|7,194
0148WA|SUNZEN-WA|0.050|0.045|0.040|-0.010|-20.00|7,300
0148WB|SUNZEN-WB|0.055|0.000|0.000|0.000|0.00|0
7235|SUPERLN|1.350|1.350|1.360|+0.010|+0.74|2,422
7106|SUPERMX|1.480|1.500|1.500|+0.020|+1.35|30,827
710648|SUPERMX-C48|0.005|0.000|0.000|0.000|0.00|0
710650|SUPERMX-C50|0.005|0.000|0.000|0.000|0.00|0
710651|SUPERMX-C51|0.005|0.000|0.000|0.000|0.00|0
710652|SUPERMX-C52|0.025|0.000|0.000|0.000|0.00|0
710653|SUPERMX-C53|0.005|0.005|0.005|0.000|0.00|11,000
710654|SUPERMX-C54|0.095|0.000|0.000|0.000|0.00|0
710655|SUPERMX-C55|0.035|0.040|0.040|+0.005|+14.29|2,000
710656|SUPERMX-C56|0.095|0.095|0.095|0.000|0.00|22,820
710657|SUPERMX-C57|0.100|0.080|0.085|-0.015|-15.00|400
710658|SUPERMX-C58|0.060|0.055|0.055|-0.005|-8.33|2,000
710659|SUPERMX-C59|0.080|0.080|0.080|0.000|0.00|2,000
710660|SUPERMX-C60|0.040|0.035|0.035|-0.005|-12.50|5,998
710661|SUPERMX-C61|0.045|0.000|0.000|0.000|0.00|0
710662|SUPERMX-C62|0.065|0.065|0.065|0.000|0.00|30,213
710663|SUPERMX-C63|0.070|0.060|0.060|-0.010|-14.29|2,200
710664|SUPERMX-C64|0.085|0.000|0.000|0.000|0.00|0
710665|SUPERMX-C65|0.095|0.095|0.095|0.000|0.00|4,999
710666|SUPERMX-C66|0.085|0.085|0.085|0.000|0.00|4,600
03018|SUPREME|0.680|0.000|0.000|0.000|0.00|0
6521|SURIA|1.420|1.380|1.420|0.000|0.00|31
5135|SWKPLNT|1.560|1.530|1.560|0.000|0.00|301
7186|SWSCAP|0.650|0.650|0.680|+0.030|+4.62|200
7186WB|SWSCAP-WB|0.060|0.055|0.070|+0.010|+16.67|40
9717|SYCAL|0.230|0.230|0.235|+0.005|+2.17|150
7082|SYF|0.220|0.225|0.220|0.000|0.00|3,574
7082WB|SYF-WB|0.010|0.010|0.010|0.000|0.00|17,202
1538|SYMLIFE|0.395|0.395|0.405|+0.010|+2.53|3,075
1538WB|SYMLIFE-WB|0.035|0.025|0.030|-0.005|-14.29|4,815
5173|SYSCORP|0.305|0.305|0.315|+0.010|+3.28|2,220
0050|SYSTECH|0.225|0.225|0.230|+0.005|+2.22|570
7228|T7GLOBAL|0.505|0.510|0.535|+0.030|+5.94|108,802
4898|TA|0.615|0.615|0.620|+0.005|+0.81|2,252
5012|TAANN|2.420|2.460|2.400|-0.020|-0.83|984
5012CM|TAANN-CM|0.080|0.000|0.000|0.000|0.00|0
4022|TADMAX|0.235|0.230|0.230|-0.005|-2.13|7,260
7211|TAFI|0.300|0.330|0.340|+0.040|+13.33|290
5158|TAGB|0.250|0.245|0.250|0.000|0.00|5,054
6139|TAKAFUL|4.510|4.500|4.430|-0.080|-1.77|2,902
6139CC|TAKAFUL-CC|0.070|0.000|0.000|0.000|0.00|0
6139CD|TAKAFUL-CD|0.135|0.125|0.125|-0.010|-7.41|4,000
2259|TALAMT|0.035|0.035|0.035|0.000|0.00|13,272
8524|TALIWRK|0.820|0.825|0.845|+0.025|+3.05|2,376
8524CE|TALIWRK-CE|0.130|0.120|0.120|-0.010|-7.69|4,000
5191|TAMBUN|0.765|0.765|0.765|0.000|0.00|1,100
2429|TANCO|0.050|0.050|0.050|0.000|0.00|833
2429WB|TANCO-WB|0.025|0.020|0.020|-0.005|-20.00|35
5149|TAS|0.260|0.270|0.285|+0.025|+9.62|2,006
5140|TASCO|1.400|1.430|1.450|+0.050|+3.57|1,034
4448|TASEK|4.980|5.060|4.900|-0.080|-1.61|103
4448P|TASEK-PA|10.100|0.000|0.000|0.000|0.00|0
7097|TAWIN|0.460|0.465|0.505|+0.045|+9.78|17,492
4405|TCHONG|1.640|1.660|1.650|+0.010|+0.61|1,189
0132|TDEX|0.075|0.080|0.070|-0.005|-6.67|60
2054|TDM|0.180|0.180|0.175|-0.005|-2.78|9,761
0084|TECFAST|0.320|0.325|0.330|+0.010|+3.13|4,040
7439|TECGUAN|1.150|1.210|1.150|0.000|0.00|857
5289|TECHBND|0.765|0.770|0.765|0.000|0.00|5,255
7200|TEKSENG|0.240|0.240|0.245|+0.005|+2.08|1,950
7200WA|TEKSENG-WA|0.060|0.055|0.050|-0.010|-16.67|1,700
5347|TENAGA|12.620|12.640|12.640|+0.020|+0.16|20,316
534747|TENAGA-C47|0.050|0.000|0.000|0.000|0.00|0
534749|TENAGA-C49|0.005|0.000|0.000|0.000|0.00|0
534750|TENAGA-C50|0.040|0.040|0.040|0.000|0.00|500
534751|TENAGA-C51|0.025|0.030|0.030|+0.005|+20.00|100
534752|TENAGA-C52|0.040|0.000|0.000|0.000|0.00|0
534753|TENAGA-C53|0.050|0.050|0.050|0.000|0.00|1,950
534754|TENAGA-C54|0.105|0.105|0.105|0.000|0.00|6,000
0546C7|TENCENT-C7|0.185|0.195|0.195|+0.010|+5.41|16,324
7252|TEOSENG|1.200|1.190|1.190|-0.010|-0.83|5,527
7252WA|TEOSENG-WA|0.220|0.000|0.000|0.000|0.00|0
8702|TEXCHEM|0.650|0.650|0.665|+0.015|+2.31|309
0089|TEXCYCL|0.540|0.000|0.000|0.000|0.00|0
0145|TFP|0.095|0.000|0.000|0.000|0.00|0
9369|TGL|0.960|0.000|0.000|0.000|0.00|0
7034|TGUAN|2.640|2.640|2.620|-0.020|-0.76|468
7034LA|TGUAN-LA|2.550|0.000|0.000|0.000|0.00|0
7034WA|TGUAN-WA|1.100|1.080|1.080|-0.020|-1.82|74
9075|THETA|0.445|0.445|0.430|-0.015|-3.37|2,350
7206|THHEAVY|0.055|0.055|0.055|0.000|0.00|22,800
7206PB|THHEAVY-PB|0.015|0.000|0.000|0.000|0.00|0
5112|THPLANT|0.505|0.505|0.520|+0.015|+2.97|834
7889|THRIVEN|0.210|0.210|0.210|0.000|0.00|2,014
7889WB|THRIVEN-WB|0.060|0.060|0.060|0.000|0.00|647
7374|TIENWAH|1.360|0.000|0.000|0.000|0.00|0
7079|TIGER|0.080|0.075|0.075|-0.005|-6.25|11,795
7079WC|TIGER-WC|0.020|0.000|0.000|0.000|0.00|0
5031|TIMECOM|8.600|8.640|8.560|-0.040|-0.47|5,559
7854|TIMWELL|0.640|0.000|0.000|0.000|0.00|0
5239|TITIJYA|0.315|0.315|0.315|0.000|0.00|10,574
5239PA|TITIJYA-PA|0.035|0.030|0.035|0.000|0.00|2,150
4863|TM|3.210|3.230|3.250|+0.040|+1.25|50,921
486327|TM-C27|0.005|0.005|0.005|0.000|0.00|2,000
486328|TM-C28|0.010|0.000|0.000|0.000|0.00|0
486329|TM-C29|0.005|0.000|0.000|0.000|0.00|0
486330|TM-C30|0.045|0.000|0.000|0.000|0.00|0
486331|TM-C31|0.050|0.000|0.000|0.000|0.00|0
486332|TM-C32|0.015|0.000|0.000|0.000|0.00|0
486333|TM-C33|0.065|0.000|0.000|0.000|0.00|0
486334|TM-C34|0.100|0.110|0.110|+0.010|+10.00|8
486335|TM-C35|0.120|0.125|0.125|+0.005|+4.17|8,500
486336|TM-C36|0.205|0.245|0.245|+0.040|+19.51|100
486337|TM-C37|0.380|0.385|0.390|+0.010|+2.63|10
486338|TM-C38|0.200|0.205|0.205|+0.005|+2.50|2,000
486339|TM-C39|0.250|0.250|0.255|+0.005|+2.00|2,800
486340|TM-C40|0.160|0.165|0.165|+0.005|+3.13|12,000
0101|TMCLIFE|0.730|0.730|0.740|+0.010|+1.37|7,890
0101WB|TMCLIFE-WB|0.020|0.020|0.025|+0.005|+25.00|14,704
8397|TNLOGIS|0.610|0.620|0.620|+0.010|+1.64|460
7218|TOCEAN|0.770|0.775|0.745|-0.025|-3.25|198
7230|TOMEI|0.550|0.520|0.540|-0.010|-1.82|213
7285|TOMYPAK|0.490|0.490|0.490|0.000|0.00|10,771
7285WA|TOMYPAK-WA|0.170|0.000|0.000|0.000|0.00|0
5010|TONGHER|3.580|3.560|3.540|-0.040|-1.12|399
7113|TOPGLOV|4.450|4.450|4.460|+0.010|+0.22|96,651
711333|TOPGLOV-C33|0.005|0.000|0.000|0.000|0.00|0
711340|TOPGLOV-C40|0.010|0.000|0.000|0.000|0.00|0
711341|TOPGLOV-C41|0.010|0.000|0.000|0.000|0.00|0
711342|TOPGLOV-C42|0.020|0.025|0.025|+0.005|+25.00|2,400
711343|TOPGLOV-C43|0.035|0.030|0.030|-0.005|-14.29|1,710
711344|TOPGLOV-C44|0.025|0.030|0.030|+0.005|+20.00|1,470
711345|TOPGLOV-C45|0.085|0.085|0.080|-0.005|-5.88|4,855
711346|TOPGLOV-C46|0.080|0.000|0.000|0.000|0.00|0
711347|TOPGLOV-C47|0.090|0.095|0.095|+0.005|+5.56|200
711348|TOPGLOV-C48|0.070|0.070|0.070|0.000|0.00|4,395
711349|TOPGLOV-C49|0.135|0.000|0.000|0.000|0.00|0
711350|TOPGLOV-C50|0.110|0.000|0.000|0.000|0.00|0
03013|TOPVISN|0.390|0.400|0.400|+0.010|+2.56|50
7173|TOYOINK|0.640|0.640|0.650|+0.010|+1.56|200
7173WB|TOYOINK-WB|0.095|0.095|0.095|0.000|0.00|1,076
7176|TPC|0.410|0.415|0.430|+0.020|+4.88|500
7176WA|TPC-WA|0.200|0.210|0.220|+0.020|+10.00|600
5054|TRC|0.550|0.550|0.570|+0.020|+3.64|180,034
0199|TRIMODE|0.425|0.425|0.415|-0.010|-2.35|202
0118|TRIVE|0.015|0.015|0.020|+0.005|+33.33|10,642
0118WB|TRIVE-WB|0.005|0.000|0.000|0.000|0.00|0
5401|TROP|0.870|0.870|0.890|+0.020|+2.30|5,307
5401WA|TROP-WA|0.025|0.025|0.025|0.000|0.00|3,356
9059|TSH|1.100|1.100|1.110|+0.010|+0.91|31
5042|TSRCAP|0.400|0.000|0.000|0.000|0.00|0
5042WB|TSRCAP-WB|0.045|0.040|0.055|+0.010|+22.22|771
5230|TUNEPRO|0.695|0.705|0.690|-0.005|-0.72|38,509
5167|TURBO|0.735|0.720|0.740|+0.005|+0.68|850
4359|TURIYA|0.170|0.170|0.155|-0.015|-8.82|502
5111|TWRREIT|0.900|0.895|0.895|-0.005|-0.56|579
7100|UCHITEC|2.710|2.710|2.700|-0.010|-0.37|1,664
7100CD|UCHITEC-CD|0.005|0.000|0.000|0.000|0.00|0
7100CE|UCHITEC-CE|0.025|0.000|0.000|0.000|0.00|0
7100CF|UCHITEC-CF|0.105|0.105|0.105|0.000|0.00|7,500
0005|UCREST|0.265|0.265|0.265|0.000|0.00|39,364
5148|UEMS|0.830|0.830|0.835|+0.005|+0.60|5,479
514864|UEMS-C64|0.040|0.000|0.000|0.000|0.00|0
514865|UEMS-C65|0.080|0.080|0.080|0.000|0.00|2,369
514866|UEMS-C66|0.070|0.065|0.065|-0.005|-7.14|1,000
7133|ULICORP|0.440|0.440|0.440|0.000|0.00|4,057
2593|UMCCA|5.450|5.500|5.500|+0.050|+0.92|90
7137|UMS|2.350|2.390|2.380|+0.030|+1.28|46
7227|UMSNGB|1.000|0.000|0.000|0.000|0.00|0
4588|UMW|5.700|5.660|5.700|0.000|0.00|29,257
458810|UMW-C10|0.005|0.000|0.000|0.000|0.00|0
458811|UMW-C11|0.035|0.000|0.000|0.000|0.00|0
458812|UMW-C12|0.210|0.000|0.000|0.000|0.00|0
458813|UMW-C13|0.190|0.000|0.000|0.000|0.00|0
458814|UMW-C14|0.195|0.000|0.000|0.000|0.00|0
458815|UMW-C15|0.195|0.000|0.000|0.000|0.00|0
458816|UMW-C16|0.110|0.110|0.110|0.000|0.00|1,000
458817|UMW-C17|0.110|0.110|0.110|0.000|0.00|2,200
4588C9|UMW-C9|0.025|0.000|0.000|0.000|0.00|0
7091|UNIMECH|1.070|1.070|1.160|+0.090|+8.41|13,025
5005|UNISEM|2.770|2.750|2.770|0.000|0.00|235
500511|UNISEM-C11|0.220|0.000|0.000|0.000|0.00|0
500512|UNISEM-C12|0.015|0.000|0.000|0.000|0.00|0
500513|UNISEM-C13|0.065|0.000|0.000|0.000|0.00|0
500514|UNISEM-C14|0.045|0.000|0.000|0.000|0.00|0
500515|UNISEM-C15|0.060|0.000|0.000|0.000|0.00|0
03017|UNIWALL|0.300|0.000|0.000|0.000|0.00|0
5200|UOADEV|2.170|2.200|2.180|+0.010|+0.46|9,237
5110|UOAREIT|1.370|1.360|1.370|0.000|0.00|227
7757|UPA|2.150|2.160|2.160|+0.010|+0.47|71
2089|UTDPLT|27.400|27.480|27.400|0.000|0.00|102
5754|UTUSAN|0.195|0.175|0.175|-0.020|-10.26|785
7250|UZMA|0.970|0.955|0.985|+0.015|+1.55|7,163
0060|VC|0.130|0.130|0.130|0.000|0.00|1,395
5243|VELESTO|0.280|0.290|0.305|+0.025|+8.93|1,751,376
524324|VELESTO-C24|0.215|0.000|0.000|0.000|0.00|0
524325|VELESTO-C25|0.020|0.000|0.000|0.000|0.00|0
524326|VELESTO-C26|0.085|0.100|0.105|+0.020|+23.53|2,010
524327|VELESTO-C27|0.085|0.100|0.110|+0.025|+29.41|20,000
5243WA|VELESTO-WA|0.100|0.100|0.110|+0.010|+10.00|212,277
4995|VERSATL|0.450|0.400|0.405|-0.045|-10.00|400
7240|VERTICE|0.900|0.870|0.860|-0.040|-4.44|4,627
7240WA|VERTICE-WA|0.505|0.465|0.475|-0.030|-5.94|589
0120|VIS|0.515|0.520|0.520|+0.005|+0.97|15,349
0120WB|VIS-WB|0.185|0.190|0.195|+0.010|+5.41|3,002
0097|VITROX|7.220|7.210|7.220|0.000|0.00|2,395
0097CL|VITROX-CL|0.045|0.000|0.000|0.000|0.00|0
0097CM|VITROX-CM|0.060|0.000|0.000|0.000|0.00|0
0069|VIVOCOM|0.020|0.020|0.015|-0.005|-25.00|1,572
0069WC|VIVOCOM-WC|0.005|0.000|0.000|0.000|0.00|0
0069WD|VIVOCOM-WD|0.005|0.000|0.000|0.000|0.00|0
0069WE|VIVOCOM-WE|0.005|0.005|0.005|0.000|0.00|3,020
7070|VIZIONE|0.975|0.980|0.980|+0.005|+0.51|10,903
7070LA|VIZIONE-LA|0.070|0.000|0.000|0.000|0.00|0
7070WC|VIZIONE-WC|0.400|0.000|0.000|0.000|0.00|0
6963|VS|0.980|0.985|1.000|+0.020|+2.04|473,910
696310|VS-C10|0.095|0.100|0.100|+0.005|+5.26|90,809
696311|VS-C11|0.205|0.000|0.000|0.000|0.00|0
696312|VS-C12|0.080|0.080|0.080|0.000|0.00|41,760
696313|VS-C13|0.100|0.100|0.105|+0.005|+5.00|36,368
6963C5|VS-C5|0.005|0.005|0.005|0.000|0.00|269
6963C6|VS-C6|0.005|0.000|0.000|0.000|0.00|0
6963C7|VS-C7|0.005|0.000|0.000|0.000|0.00|0
6963C8|VS-C8|0.175|0.000|0.000|0.000|0.00|0
6963C9|VS-C9|0.130|0.135|0.140|+0.010|+7.69|20,784
0066|VSOLAR|0.215|0.215|0.215|0.000|0.00|220,054
5162|VSTECS|0.990|0.990|0.990|0.000|0.00|964
7203|WANGZNG|1.140|1.100|1.110|-0.030|-2.63|177
5016|WARISAN|2.130|0.000|0.000|0.000|0.00|0
5142|WASEONG|0.770|0.775|0.770|0.000|0.00|7,870
7226|WATTA|0.830|0.840|0.840|+0.010|+1.20|335
3565|WCEHB|0.530|0.535|0.575|+0.045|+8.49|6,661
9679|WCT|0.835|0.840|0.845|+0.010|+1.20|23,002
967914|WCT-C14|0.010|0.000|0.000|0.000|0.00|0
967915|WCT-C15|0.015|0.000|0.000|0.000|0.00|0
967916|WCT-C16|0.040|0.000|0.000|0.000|0.00|0
9679WE|WCT-WE|0.075|0.075|0.075|0.000|0.00|4,560
0197|WEGMANS|0.320|0.315|0.315|-0.005|-1.56|2,898
0197WA|WEGMANS-WA|0.140|0.140|0.135|-0.005|-3.57|1,494
7231|WELLCAL|1.280|1.300|1.290|+0.010|+0.78|642
0162|WIDAD|0.320|0.320|0.325|+0.005|+1.56|68,539
0162WA|WIDAD-WA|0.120|0.115|0.120|0.000|0.00|15,338
7692|WIDETEC|0.540|0.560|0.560|+0.020|+3.70|100
0008|WILLOW|0.445|0.450|0.455|+0.010|+2.25|2,143
0141|WINTONI|0.035|0.000|0.000|0.000|0.00|0
6378|WMG|0.120|0.125|0.120|0.000|0.00|466
7050|WONG|0.580|0.580|0.580|0.000|0.00|783
7025|WOODLAN|0.750|0.000|0.000|0.000|0.00|0
5246|WPRTS|3.670|3.760|3.750|+0.080|+2.18|1,244
5246CX|WPRTS-CX|0.050|0.000|0.000|0.000|0.00|0
5246CY|WPRTS-CY|0.140|0.000|0.000|0.000|0.00|0
5009|WTHORSE|1.250|1.240|1.240|-0.010|-0.80|20
4243|WTK|0.635|0.645|0.640|+0.005|+0.79|27,374
7245|WZSATU|0.320|0.320|0.325|+0.005|+1.56|10,698
7245WA|WZSATU-WA|0.120|0.120|0.120|0.000|0.00|100
5156|XDL|0.100|0.100|0.100|0.000|0.00|149,492
5156WD|XDL-WD|0.020|0.015|0.020|0.000|0.00|683
7121|XIANLNG|0.460|0.000|0.000|0.000|0.00|0
0581C1|XIAOMI-C1|0.025|0.000|0.000|0.000|0.00|0
0581C2|XIAOMI-C2|0.210|0.190|0.190|-0.020|-9.52|5,591
0095|XINGHE|0.035|0.030|0.035|0.000|0.00|1,220
0095WA|XINGHE-WA|0.005|0.000|0.000|0.000|0.00|0
5267|XINHWA|0.885|0.900|0.855|-0.030|-3.39|6,296
5155|XINQUAN|0.055|0.000|0.000|0.000|0.00|0
5155WA|XINQUAN-WA|0.005|0.000|0.000|0.000|0.00|0
5155WB|XINQUAN-WB|0.015|0.000|0.000|0.000|0.00|0
0165|XOX|0.050|0.050|0.050|0.000|0.00|41,181
7003|Y&G|0.910|0.000|0.000|0.000|0.00|0
7003WA|Y&G-WA|0.100|0.000|0.000|0.000|0.00|0
0025|YBS|0.140|0.145|0.145|+0.005|+3.57|1,020
5584|YEELEE|1.860|1.870|1.870|+0.010|+0.54|510
7122|YFG|0.005|0.000|0.000|0.000|0.00|0
0086|YGL|0.120|0.000|0.000|0.000|0.00|0
5048|YILAI|0.610|0.625|0.625|+0.015|+2.46|162
7293|YINSON|4.440|4.450|4.430|-0.010|-0.23|11,607
7293CT|YINSON-CT|0.040|0.000|0.000|0.000|0.00|0
7293CU|YINSON-CU|0.075|0.000|0.000|0.000|0.00|0
7293CV|YINSON-CV|0.055|0.000|0.000|0.000|0.00|0
7293CW|YINSON-CW|0.150|0.000|0.000|0.000|0.00|0
7020|YKGI|0.105|0.110|0.110|+0.005|+4.76|2,000
7020WB|YKGI-WB|0.020|0.000|0.000|0.000|0.00|0
7014|YLI|0.260|0.270|0.280|+0.020|+7.69|761
3158|YNHPROP|1.200|1.220|1.160|-0.040|-3.33|44,326
5159|YOCB|1.150|1.160|1.180|+0.030|+2.61|2,416
7066|YONGTAI|0.345|0.345|0.350|+0.005|+1.45|29,302
7066PA|YONGTAI-PA|0.200|0.200|0.200|0.000|0.00|4,162
7066WA|YONGTAI-WA|0.100|0.095|0.100|0.000|0.00|11,715
7178|YSPSAH|2.840|2.840|2.830|-0.010|-0.35|513
4677|YTL|1.070|1.070|1.040|-0.030|-2.80|15,961
467722|YTL-C22|0.050|0.000|0.000|0.000|0.00|0
467723|YTL-C23|0.065|0.000|0.000|0.000|0.00|0
467724|YTL-C24|0.150|0.000|0.000|0.000|0.00|0
2577|YTLLAND|0.390|0.390|0.400|+0.010|+2.56|1,633
2577LA|YTLLAND-LA|0.365|0.000|0.000|0.000|0.00|0
6742|YTLPOWR|0.855|0.855|0.865|+0.010|+1.17|7,141
6742C5|YTLPOWR-C5|0.005|0.000|0.000|0.000|0.00|0
6742C6|YTLPOWR-C6|0.055|0.055|0.055|0.000|0.00|3,800
6742C7|YTLPOWR-C7|0.150|0.000|0.000|0.000|0.00|0
5109|YTLREIT|1.270|1.280|1.280|+0.010|+0.79|4,588
7028|ZECON|0.255|0.250|0.245|-0.010|-3.92|4,682
2283|ZELAN|0.080|0.080|0.080|0.000|0.00|56,988
5131|ZHULIAN|1.370|1.350|1.370|0.000|0.00|502
0012|3A|0.855|0.855|0.850|-0.005|-0.58|952
