070322|A50CHIN-C22|0.140|0.140|0.160|+0.020|+14.29|32,799
070324|A50CHIN-C24|0.715|0.770|0.765|+0.050|+6.99|300
070326|A50CHIN-C26|0.430|0.000|0.000|0.000|0.00|0
070328|A50CHIN-C28|0.225|0.230|0.240|+0.015|+6.67|15,332
070330|A50CHIN-C30|0.290|0.280|0.330|+0.040|+13.79|71,938
070332|A50CHIN-C32|0.650|0.720|0.720|+0.070|+10.77|100
070334|A50CHIN-C34|0.880|0.000|0.000|0.000|0.00|0
070336|A50CHIN-C36|0.495|0.505|0.530|+0.035|+7.07|5,769
070321|A50CHIN-H21|0.050|0.000|0.000|0.000|0.00|0
070323|A50CHIN-H23|0.005|0.000|0.000|0.000|0.00|0
070325|A50CHIN-H25|0.035|0.000|0.000|0.000|0.00|0
070327|A50CHIN-H27|0.095|0.085|0.080|-0.015|-15.79|8,272
7054|AASIA|0.145|0.000|0.000|0.000|0.00|0
5238|AAX|0.260|0.260|0.255|-0.005|-1.92|48,980
523820|AAX-C20|0.005|0.000|0.000|0.000|0.00|0
523821|AAX-C21|0.005|0.000|0.000|0.000|0.00|0
5238WA|AAX-WA|0.055|0.050|0.050|-0.005|-9.09|56,312
0800EA|ABFMY1|1.173|0.000|0.000|0.000|0.00|0
7086|ABLEGRP|0.070|0.000|0.000|0.000|0.00|0
2488|ABMB|4.200|4.170|4.150|-0.050|-1.19|20,503
2488CY|ABMB-CY|0.100|0.000|0.000|0.000|0.00|0
7131|ACME|0.250|0.000|0.000|0.000|0.00|0
7120|ACOSTEC|0.440|0.440|0.450|+0.010|+2.27|24,078
5281|ADVCON|0.420|0.425|0.430|+0.010|+2.38|10,004
7191|ADVENTA|0.360|0.000|0.000|0.000|0.00|0
9148|ADVPKG|1.800|1.810|1.860|+0.060|+3.33|42
7146|AEM|0.115|0.115|0.115|0.000|0.00|1,681
7146WA|AEM-WA|0.005|0.000|0.000|0.000|0.00|0
0181|AEMULUS|0.255|0.255|0.250|-0.005|-1.96|8,717
6599|AEON|1.600|1.600|1.570|-0.030|-1.88|4,685
6599CO|AEON-CO|0.045|0.045|0.045|0.000|0.00|2,057
6599CP|AEON-CP|0.050|0.000|0.000|0.000|0.00|0
6599CQ|AEON-CQ|0.030|0.000|0.000|0.000|0.00|0
5139|AEONCR|17.100|17.180|17.040|-0.060|-0.35|22,298
5139LA|AEONCR-LA|1.570|0.000|0.000|0.000|0.00|0
5185|AFFIN|2.280|2.270|2.280|0.000|0.00|296
5198|AFUJIYA|0.570|0.590|0.560|-0.010|-1.75|560
7315|AHB|0.130|0.135|0.145|+0.015|+11.54|45,118
7315WB|AHB-WB|0.005|0.010|0.010|+0.005|+100.00|41,905
7090|AHEALTH|9.030|9.100|9.300|+0.270|+2.99|239
4952|AHP|0.750|0.745|0.780|+0.030|+4.00|202
0122|AIM|0.280|0.250|0.240|-0.040|-14.29|2,035
5099|AIRASIA|2.760|2.780|2.790|+0.030|+1.09|89,842
509959|AIRASIAC59|0.020|0.000|0.000|0.000|0.00|0
509967|AIRASIAC67|0.105|0.090|0.090|-0.015|-14.29|1,080
509968|AIRASIAC68|0.005|0.000|0.000|0.000|0.00|0
509969|AIRASIAC69|0.035|0.020|0.020|-0.015|-42.86|100
509970|AIRASIAC70|0.015|0.010|0.010|-0.005|-33.33|1,000
509971|AIRASIAC71|0.085|0.000|0.000|0.000|0.00|0
509972|AIRASIAC72|0.190|0.190|0.185|-0.005|-2.63|620
509973|AIRASIAC73|0.225|0.215|0.215|-0.010|-4.44|500
509974|AIRASIAC74|0.320|0.000|0.000|0.000|0.00|0
509975|AIRASIAC75|0.140|0.000|0.000|0.000|0.00|0
509976|AIRASIAC76|0.070|0.065|0.065|-0.005|-7.14|4,500
509977|AIRASIAC77|0.080|0.075|0.075|-0.005|-6.25|16,000
509978|AIRASIAC78|0.105|0.000|0.000|0.000|0.00|0
509979|AIRASIAC79|0.050|0.055|0.055|+0.005|+10.00|3,800
509980|AIRASIAC80|0.055|0.050|0.050|-0.005|-9.09|16,000
5014|AIRPORT|7.800|7.750|7.760|-0.040|-0.51|35,602
5014C2|AIRPORT-C2|0.005|0.000|0.000|0.000|0.00|0
5014C3|AIRPORT-C3|0.035|0.000|0.000|0.000|0.00|0
5014C4|AIRPORT-C4|0.060|0.000|0.000|0.000|0.00|0
5014C5|AIRPORT-C5|0.055|0.000|0.000|0.000|0.00|0
5014C6|AIRPORT-C6|0.120|0.000|0.000|0.000|0.00|0
5014C7|AIRPORT-C7|0.090|0.000|0.000|0.000|0.00|0
2682|AISB|0.255|0.000|0.000|0.000|0.00|0
2658|AJI|18.420|18.460|18.380|-0.040|-0.22|264
7609|AJIYA|0.545|0.525|0.530|-0.015|-2.75|1,292
7609WA|AJIYA-WA|0.090|0.100|0.100|+0.010|+11.11|200
5115|ALAM|0.150|0.155|0.150|0.000|0.00|100,480
5116|ALAQAR|1.340|1.360|1.360|+0.020|+1.49|1,173
2674|ALCOM|0.530|0.530|0.550|+0.020|+3.77|1,233
1163|ALLIANZ|14.360|14.480|14.420|+0.060|+0.42|89
1163PA|ALLIANZ-PA|14.300|0.000|0.000|0.000|0.00|0
5269|ALSREIT|0.845|0.845|0.850|+0.005|+0.59|126
1015|AMBANK|4.510|4.530|4.600|+0.090|+2.00|51,907
101510|AMBANK-C10|0.160|0.000|0.000|0.000|0.00|0
101511|AMBANK-C11|0.180|0.000|0.000|0.000|0.00|0
101512|AMBANK-C12|0.135|0.000|0.000|0.000|0.00|0
101513|AMBANK-C13|0.095|0.000|0.000|0.000|0.00|0
0159|AMEDIA|0.160|0.155|0.155|-0.005|-3.13|1,827
5120|AMFIRST|0.530|0.535|0.535|+0.005|+0.94|572
03011|AMLEX|0.180|0.000|0.000|0.000|0.00|0
1007|AMPROP|0.510|0.515|0.515|+0.005|+0.98|1,031
1007PA|AMPROP-PA|0.245|0.240|0.245|0.000|0.00|145
1007PB|AMPROP-PB|0.580|0.000|0.000|0.000|0.00|0
7051|AMTEK|0.130|0.135|0.175|+0.045|+34.62|1,295
7031|AMTEL|0.665|0.000|0.000|0.000|0.00|0
5959|AMVERTON|1.130|1.100|1.100|-0.030|-2.65|90
6351|AMWAY|5.960|5.960|5.960|0.000|0.00|30
7083|ANALABS|1.110|1.120|1.120|+0.010|+0.90|70
4758|ANCOM|0.475|0.475|0.480|+0.005|+1.05|4,247
0048|ANCOMLB|0.090|0.085|0.085|-0.005|-5.56|1,300
6556|ANNJOO|1.600|1.610|1.560|-0.040|-2.50|10,018
6556PA|ANNJOO-PA|0.550|0.550|0.545|-0.005|-0.91|265
9342|ANZO|0.035|0.035|0.040|+0.005|+14.29|2,600
9342WA|ANZO-WA|0.005|0.000|0.000|0.000|0.00|0
9342WB|ANZO-WB|0.025|0.000|0.000|0.000|0.00|0
9342WC|ANZO-WC|0.005|0.005|0.005|0.000|0.00|10,000
5568|APB|0.730|0.000|0.000|0.000|0.00|0
5088|APEX|1.000|0.995|0.995|-0.005|-0.50|169
5194|APFT|0.020|0.015|0.015|-0.005|-25.00|10,050
5015|APM|3.030|3.100|3.100|+0.070|+2.31|22
6432|APOLLO|3.880|3.900|3.900|+0.020|+0.52|5
0119|APPASIA|0.090|0.090|0.090|0.000|0.00|7,646
0119WA|APPASIA-WA|0.045|0.040|0.040|-0.005|-11.11|1,361
7214|ARANK|0.515|0.515|0.515|0.000|0.00|100
7007|ARK|0.500|0.000|0.000|0.000|0.00|0
7007WB|ARK-WB|0.090|0.000|0.000|0.000|0.00|0
5210|ARMADA|0.195|0.195|0.190|-0.005|-2.56|1,812,314
521040|ARMADA-C40|0.005|0.000|0.000|0.000|0.00|0
521043|ARMADA-C43|0.005|0.000|0.000|0.000|0.00|0
521045|ARMADA-C45|0.005|0.000|0.000|0.000|0.00|0
521046|ARMADA-C46|0.005|0.000|0.000|0.000|0.00|0
521047|ARMADA-C47|0.005|0.000|0.000|0.000|0.00|0
521048|ARMADA-C48|0.005|0.000|0.000|0.000|0.00|0
521049|ARMADA-C49|0.010|0.010|0.010|0.000|0.00|13,000
521050|ARMADA-C50|0.015|0.000|0.000|0.000|0.00|0
5127|ARREIT|0.835|0.840|0.835|0.000|0.00|717
1481|ASB|0.130|0.135|0.140|+0.010|+7.69|197,251
0068|ASDION|0.285|0.290|0.280|-0.005|-1.75|39,696
0068WB|ASDION-WB|0.005|0.000|0.000|0.000|0.00|0
7722|ASIABRN|0.490|0.480|0.495|+0.005|+1.02|90
7129|ASIAFLE|2.590|2.550|2.580|-0.010|-0.39|120
4057|ASIAPAC|0.125|0.125|0.120|-0.005|-4.00|21,975
4057LC|ASIAPAC-LC|0.580|0.000|0.000|0.000|0.00|0
4057WB|ASIAPAC-WB|0.045|0.000|0.000|0.000|0.00|0
0105|ASIAPLY|0.080|0.075|0.080|0.000|0.00|5,115
0105PA|ASIAPLY-PA|0.035|0.035|0.035|0.000|0.00|600
0105WA|ASIAPLY-WA|0.015|0.000|0.000|0.000|0.00|0
0105WB|ASIAPLY-WB|0.025|0.025|0.025|0.000|0.00|25
7162|ASTINO|0.700|0.650|0.660|-0.040|-5.71|535
6399|ASTRO|1.540|1.540|1.550|+0.010|+0.65|33,560
639910|ASTRO-C10|0.105|0.115|0.115|+0.010|+9.52|2,469
639911|ASTRO-C11|0.110|0.000|0.000|0.000|0.00|0
639912|ASTRO-C12|0.075|0.085|0.085|+0.010|+13.33|2,500
639913|ASTRO-C13|0.080|0.000|0.000|0.000|0.00|0
639914|ASTRO-C14|0.060|0.000|0.000|0.000|0.00|0
0072|AT|0.050|0.050|0.050|0.000|0.00|2,832
0072WB|AT-WB|0.005|0.005|0.005|0.000|0.00|11,516
8176|ATAIMS|1.740|1.760|1.750|+0.010|+0.57|824
7048|ATLAN|4.380|0.000|0.000|0.000|0.00|0
5130|ATRIUM|1.120|1.130|1.120|0.000|0.00|1,860
7099|ATTA|0.680|0.635|0.635|-0.045|-6.62|40
7099LA|ATTA-LA|0.080|0.085|0.085|+0.005|+6.25|500
7099PA|ATTA-PA|0.125|0.000|0.000|0.000|0.00|0
7099WB|ATTA-WB|0.090|0.000|0.000|0.000|0.00|0
7099WC|ATTA-WC|0.095|0.000|0.000|0.000|0.00|0
7181|ATURMJU|0.365|0.380|0.380|+0.015|+4.11|157,632
7181PA|ATURMJU-PA|0.165|0.170|0.195|+0.030|+18.18|150,075
8885|AVI|0.235|0.230|0.230|-0.005|-2.13|24,100
7579|AWC|0.785|0.785|0.775|-0.010|-1.27|4,297
7579WA|AWC-WA|0.255|0.245|0.255|0.000|0.00|4,968
6888|AXIATA|4.160|4.130|4.200|+0.040|+0.96|75,744
688828|AXIATA-C28|0.020|0.000|0.000|0.000|0.00|0
688829|AXIATA-C29|0.005|0.000|0.000|0.000|0.00|0
688830|AXIATA-C30|0.040|0.000|0.000|0.000|0.00|0
688831|AXIATA-C31|0.040|0.000|0.000|0.000|0.00|0
688832|AXIATA-C32|0.110|0.000|0.000|0.000|0.00|0
688833|AXIATA-C33|0.180|0.000|0.000|0.000|0.00|0
688834|AXIATA-C34|0.180|0.175|0.180|0.000|0.00|2,448
688835|AXIATA-C35|0.155|0.000|0.000|0.000|0.00|0
688836|AXIATA-C36|0.185|0.190|0.190|+0.005|+2.70|2,000
688837|AXIATA-C37|0.080|0.085|0.085|+0.005|+6.25|4
5106|AXREIT|1.750|1.740|1.730|-0.020|-1.14|8,282
2305|AYER|4.300|0.000|0.000|0.000|0.00|0
5021|AYS|0.355|0.350|0.350|-0.005|-1.41|2,015
7078|AZRB|0.470|0.475|0.475|+0.005|+1.06|23,801
7078WA|AZRB-WA|0.200|0.205|0.210|+0.010|+5.00|1,630
0098|BAHVEST|0.670|0.670|0.710|+0.040|+5.97|258,561
0098WA|BAHVEST-WA|0.410|0.405|0.440|+0.030|+7.32|100,086
7251|BARAKAH|0.120|0.120|0.125|+0.005|+4.17|219,738
4162|BAT|34.060|34.060|34.560|+0.500|+1.47|10,542
4162CM|BAT-CM|0.065|0.065|0.065|0.000|0.00|690
4162CN|BAT-CN|0.130|0.000|0.000|0.000|0.00|0
4162CO|BAT-CO|0.075|0.000|0.000|0.000|0.00|0
5248|BAUTO|2.310|2.350|2.350|+0.040|+1.73|74,312
5248C1|BAUTO-C1|0.090|0.000|0.000|0.000|0.00|0
5248CY|BAUTO-CY|0.155|0.145|0.145|-0.010|-6.45|1,000
5248CZ|BAUTO-CZ|0.210|0.220|0.215|+0.005|+2.38|1,484
6602|BCB|0.285|0.285|0.275|-0.010|-3.51|364
0187|BCMALL|0.210|0.210|0.205|-0.005|-2.38|32,606
6173|BDB|0.340|0.340|0.335|-0.005|-1.47|850
5190|BENALEC|0.210|0.210|0.210|0.000|0.00|33,799
9814|BERTAM|0.280|0.275|0.275|-0.005|-1.79|48,600
8133|BHIC|1.250|1.240|1.220|-0.030|-2.40|122
7005|BIG|0.485|0.475|0.470|-0.015|-3.09|2,598
5258|BIMB|4.240|4.250|4.200|-0.040|-0.94|1,917
5258WA|BIMB-WA|0.260|0.245|0.260|0.000|0.00|1,974
0195|BINACOM|0.410|0.410|0.405|-0.005|-1.22|1,707
6998|BINTAI|0.135|0.135|0.140|+0.005|+3.70|2,450
6998WA|BINTAI-WA|0.050|0.050|0.045|-0.005|-10.00|1,291
0179|BIOHLDG|0.200|0.200|0.210|+0.010|+5.00|56,971
0179WA|BIOHLDG-WA|0.080|0.080|0.090|+0.010|+12.50|7,755
7243|BIOOSMO|0.060|0.055|0.060|0.000|0.00|61,089
5032|BIPORT|4.680|4.680|4.680|0.000|0.00|30
3239|BJASSET|0.310|0.305|0.295|-0.015|-4.84|10,255
3239WB|BJASSET-WB|0.065|0.065|0.065|0.000|0.00|837
3395|BJCORP|0.265|0.270|0.275|+0.010|+3.77|198,704
339510|BJCORP-C10|0.005|0.000|0.000|0.000|0.00|0
339511|BJCORP-C11|0.020|0.000|0.000|0.000|0.00|0
3395LD|BJCORP-LD|0.345|0.000|0.000|0.000|0.00|0
3395LE|BJCORP-LE|0.385|0.000|0.000|0.000|0.00|0
3395WB|BJCORP-WB|0.045|0.045|0.045|0.000|0.00|1,500
3395WC|BJCORP-WC|0.070|0.075|0.075|+0.005|+7.14|14,170
5196|BJFOOD|1.510|1.600|1.600|+0.090|+5.96|32,860
4219|BJLAND|0.280|0.280|0.280|0.000|0.00|18,013
6025|BJMEDIA|0.170|0.145|0.200|+0.030|+17.65|52
1562|BJTOTO|2.310|2.330|2.330|+0.020|+0.87|44,732
1562CW|BJTOTO-CW|0.060|0.000|0.000|0.000|0.00|0
1562CX|BJTOTO-CX|0.080|0.090|0.090|+0.010|+12.50|2
1899|BKAWAN|17.200|17.120|17.180|-0.020|-0.12|11
5069|BLDPLNT|6.960|0.000|0.000|0.000|0.00|0
0508C5|BOC-C5|0.130|0.000|0.000|0.000|0.00|0
0168|BOILERM|0.540|0.540|0.540|0.000|0.00|250
9288|BONIA|0.265|0.260|0.265|0.000|0.00|4,251
7036|BORNOIL|0.040|0.040|0.045|+0.005|+12.50|747,496
7036WC|BORNOIL-WC|0.020|0.020|0.020|0.000|0.00|31,360
7036WD|BORNOIL-WD|0.020|0.020|0.025|+0.005|+25.00|70,775
6297|BOXPAK|1.050|0.000|0.000|0.000|0.00|0
6297WA|BOXPAK-WA|0.175|0.000|0.000|0.000|0.00|0
5254|BPLANT|0.810|0.805|0.815|+0.005|+0.62|3,333
5100|BPPLAS|1.140|1.130|1.100|-0.040|-3.51|420
5932|BPURI|0.195|0.195|0.195|0.000|0.00|48,747
9474|BRAHIMS|0.175|0.175|0.175|0.000|0.00|42,830
8761|BREM|0.750|0.760|0.770|+0.020|+2.67|19
9938|BRIGHT|0.200|0.200|0.200|0.000|0.00|1,303
7221|BSLCORP|0.335|0.345|0.420|+0.085|+25.37|6,801
2771|BSTEAD|1.350|1.350|1.360|+0.010|+0.74|493
0011|BTECH|0.315|0.310|0.320|+0.005|+1.59|28,482
7188|BTM|0.120|0.120|0.120|0.000|0.00|5
7188WA|BTM-WA|0.015|0.000|0.000|0.000|0.00|0
7188WB|BTM-WB|0.040|0.000|0.000|0.000|0.00|0
1818|BURSA|6.850|6.860|7.000|+0.150|+2.19|18,306
181820|BURSA-C20|0.005|0.000|0.000|0.000|0.00|0
181821|BURSA-C21|0.075|0.000|0.000|0.000|0.00|0
181822|BURSA-C22|0.060|0.050|0.055|-0.005|-8.33|600
181823|BURSA-C23|0.045|0.045|0.050|+0.005|+11.11|4,948
7174|CAB|0.590|0.595|0.630|+0.040|+6.78|26,121
7174WA|CAB-WA|0.400|0.405|0.435|+0.035|+8.75|700
0191|CABNET|0.310|0.300|0.305|-0.005|-1.61|2,218
0191WA|CABNET-WA|0.070|0.000|0.000|0.000|0.00|0
7154|CAELY|0.940|0.905|0.945|+0.005|+0.53|517
7154WA|CAELY-WA|0.550|0.520|0.550|0.000|0.00|10
7128|CAMRES|0.270|0.000|0.000|0.000|0.00|0
5105|CANONE|2.920|2.950|3.080|+0.160|+5.48|7,992
5229|CAP|0.010|0.000|0.000|0.000|0.00|0
0163|CAREPLS|0.170|0.175|0.175|+0.005|+2.94|9,913
5257|CARIMIN|0.940|0.955|0.930|-0.010|-1.06|165,230
5245|CARING|1.940|1.900|1.940|0.000|0.00|271
2836|CARLSBG|25.760|25.740|25.740|-0.020|-0.08|49,177
7076|CBIP|1.080|1.080|1.120|+0.040|+3.70|7,171
7076WA|CBIP-WA|0.015|0.015|0.015|0.000|0.00|2,479
2925|CCB|1.560|1.560|1.590|+0.030|+1.92|87
7035|CCK|0.630|0.635|0.630|0.000|0.00|40,010
7035WA|CCK-WA|0.135|0.135|0.130|-0.005|-3.70|12,416
2879|CCM|1.970|1.960|1.910|-0.060|-3.05|361
5195|CENSOF|0.160|0.155|0.155|-0.005|-3.13|3,300
5195WB|CENSOF-WB|0.005|0.005|0.005|0.000|0.00|400
8982|CEPAT|0.595|0.600|0.600|+0.005|+0.84|400
8435|CEPCO|0.630|0.000|0.000|0.000|0.00|0
8044|CFM|1.260|0.000|0.000|0.000|0.00|0
0579C1|CGARDEN-C1|0.105|0.000|0.000|0.000|0.00|0
7209|CHEETAH|0.340|0.000|0.000|0.000|0.00|0
7187|CHGP|0.350|0.350|0.350|0.000|0.00|100
7187WA|CHGP-WA|0.185|0.000|0.000|0.000|0.00|0
5738|CHHB|1.500|1.490|1.550|+0.050|+3.33|240
5738WB|CHHB-WB|0.370|0.360|0.410|+0.040|+10.81|267
0829EA|CHINAETF-MYR|5.740|5.770|5.770|+0.030|+0.52|3
0829EB|CHINAETF-USD|1.275|0.000|0.000|0.000|0.00|0
5273|CHINHIN|0.790|0.795|0.795|+0.005|+0.63|1,889
1929|CHINTEK|6.700|0.000|0.000|0.000|0.00|0
5007|CHINWEL|1.810|1.810|1.790|-0.020|-1.10|189
0501CG|CHMOBIL-CG|0.185|0.000|0.000|0.000|0.00|0
5797|CHOOBEE|1.640|1.580|1.610|-0.030|-1.83|182
7016|CHUAN|0.415|0.410|0.410|-0.005|-1.20|68
8052|CICB|0.590|0.000|0.000|0.000|0.00|0
2828|CIHLDG|1.450|0.000|0.000|0.000|0.00|0
1023|CIMB|5.470|5.480|5.480|+0.010|+0.18|139,949
102340|CIMB-C40|0.025|0.000|0.000|0.000|0.00|0
102341|CIMB-C41|0.075|0.000|0.000|0.000|0.00|0
102342|CIMB-C42|0.050|0.000|0.000|0.000|0.00|0
102343|CIMB-C43|0.025|0.000|0.000|0.000|0.00|0
102344|CIMB-C44|0.035|0.000|0.000|0.000|0.00|0
102345|CIMB-C45|0.070|0.070|0.070|0.000|0.00|10,820
102346|CIMB-C46|0.080|0.000|0.000|0.000|0.00|0
102347|CIMB-C47|0.075|0.000|0.000|0.000|0.00|0
0822EA|CIMBA40|1.855|0.000|0.000|0.000|0.00|0
0823EA|CIMBC50|1.605|1.615|1.635|+0.030|+1.87|410
7117|CJCEN|0.445|0.440|0.440|-0.005|-1.12|4,160
0514C3|CKHUTCH-C3|0.075|0.000|0.000|0.000|0.00|0
03001|CLOUD|0.300|0.000|0.000|0.000|0.00|0
7018|CME|0.040|0.000|0.000|0.000|0.00|0
7018LA|CME-LA|0.025|0.000|0.000|0.000|0.00|0
7018WA|CME-WA|0.025|0.000|0.000|0.000|0.00|0
5180|CMMT|1.110|1.120|1.100|-0.010|-0.90|9,185
2852|CMSB|3.390|3.390|3.390|0.000|0.00|16,922
285214|CMSB-C14|0.085|0.000|0.000|0.000|0.00|0
285215|CMSB-C15|0.120|0.125|0.135|+0.015|+12.50|2,499
7986|CNASIA|0.430|0.490|0.500|+0.070|+16.28|117
5104|CNI|0.075|0.070|0.075|0.000|0.00|4,086
5188|CNOUHUA|0.050|0.000|0.000|0.000|0.00|0
5071|COASTAL|1.300|1.300|1.290|-0.010|-0.77|973
7205|COCOLND|2.000|1.990|1.990|-0.010|-0.50|30
7195|COMCORP|0.120|0.120|0.115|-0.005|-4.17|895
2127|COMFORT|0.820|0.820|0.825|+0.005|+0.61|2,150
5136|COMPLET|0.885|0.885|0.910|+0.025|+2.82|1,527
5037|COMPUGT|0.025|0.025|0.025|0.000|0.00|103,572
0102|CONNECT|0.105|0.105|0.110|+0.005|+4.76|2,543
0102PA|CONNECT-PA|0.030|0.000|0.000|0.000|0.00|0
0102WA|CONNECT-WA|0.030|0.000|0.000|0.000|0.00|0
0102WB|CONNECT-WB|0.025|0.000|0.000|0.000|0.00|0
8591|CRESBLD|1.040|1.050|1.040|0.000|0.00|8,073
6718|CRESNDO|1.280|1.300|1.320|+0.040|+3.13|1,607
03016|CRG|0.045|0.000|0.000|0.000|0.00|0
7202|CSCENIC|1.120|1.130|1.130|+0.010|+0.89|100
5094|CSCSTEL|1.070|1.080|1.090|+0.020|+1.87|2,054
5214|CSL|0.010|0.000|0.000|0.000|0.00|0
0051|CUSCAPI|0.215|0.215|0.220|+0.005|+2.33|174,912
5049|CVIEW|1.500|1.500|1.520|+0.020|+1.33|40
9423|CWG|0.420|0.000|0.000|0.000|0.00|0
7157|CYL|0.430|0.450|0.465|+0.035|+8.14|526
5082|CYMAO|0.345|0.000|0.000|0.000|0.00|0
5184|CYPARK|1.700|1.700|1.700|0.000|0.00|1,893
7204|D&O|0.695|0.695|0.715|+0.020|+2.88|50,429
8125|DAIBOCI|1.580|1.580|1.580|0.000|0.00|11,127
8125WB|DAIBOCI-WB|0.130|0.125|0.125|-0.005|-3.85|1,720
5355|DAIMAN|2.990|0.000|0.000|0.000|0.00|0
5276|DANCO|0.635|0.635|0.620|-0.015|-2.36|41,036
5276WA|DANCO-WA|0.400|0.395|0.390|-0.010|-2.50|25,628
8338|DATAPRP|0.255|0.255|0.245|-0.010|-3.92|19,085
0091|DAYA|0.010|0.010|0.010|0.000|0.00|394,771
5141|DAYANG|1.690|1.680|1.710|+0.020|+1.18|261,124
7179|DBE|0.030|0.030|0.030|0.000|0.00|1,300
7179WB|DBE-WB|0.005|0.010|0.010|+0.005|+100.00|3,005
3484|DBHD|0.535|0.535|0.530|-0.005|-0.93|19,740
3484WA|DBHD-WA|0.125|0.120|0.115|-0.010|-8.00|5,855
7119|DEGEM|1.050|0.000|0.000|0.000|0.00|0
5132|DELEUM|1.160|1.160|1.120|-0.040|-3.45|1,812
7212|DESTINI|0.325|0.335|0.315|-0.010|-3.08|296,819
0152|DGB|0.120|0.120|0.120|0.000|0.00|400
0152WB|DGB-WB|0.035|0.030|0.030|-0.005|-14.29|75
0131|DGSB|0.085|0.085|0.085|0.000|0.00|6,307
7277|DIALOG|3.200|3.210|3.230|+0.030|+0.94|107,870
727733|DIALOG-C33|0.005|0.000|0.000|0.000|0.00|0
727735|DIALOG-C35|0.005|0.000|0.000|0.000|0.00|0
727736|DIALOG-C36|0.055|0.000|0.000|0.000|0.00|0
727737|DIALOG-C37|0.050|0.050|0.045|-0.005|-10.00|8
727738|DIALOG-C38|0.040|0.000|0.000|0.000|0.00|0
727739|DIALOG-C39|0.050|0.000|0.000|0.000|0.00|0
727740|DIALOG-C40|0.110|0.115|0.115|+0.005|+4.55|2,400
727741|DIALOG-C41|0.095|0.100|0.105|+0.010|+10.53|10,301
727742|DIALOG-C42|0.135|0.000|0.000|0.000|0.00|0
727743|DIALOG-C43|0.100|0.000|0.000|0.000|0.00|0
727744|DIALOG-C44|0.080|0.080|0.075|-0.005|-6.25|4
6947|DIGI|4.530|4.510|4.620|+0.090|+1.99|93,024
694724|DIGI-C24|0.035|0.040|0.045|+0.010|+28.57|506
694725|DIGI-C25|0.105|0.000|0.000|0.000|0.00|0
694726|DIGI-C26|0.115|0.000|0.000|0.000|0.00|0
694727|DIGI-C27|0.105|0.000|0.000|0.000|0.00|0
694728|DIGI-C28|0.050|0.050|0.050|0.000|0.00|500
0029|DIGISTA|0.045|0.045|0.045|0.000|0.00|5,150
0029WB|DIGISTA-WB|0.015|0.000|0.000|0.000|0.00|0
0400GA|DIN040000223|99.500|0.000|0.000|0.000|0.00|0
0400GC|DIN042300721|100.500|0.000|0.000|0.000|0.00|0
0400GB|DIN045801028|100.700|0.000|0.000|0.000|0.00|0
7528|DKLS|1.730|1.750|1.750|+0.020|+1.16|10
5908|DKSH|2.460|2.460|2.470|+0.010|+0.41|414
3026|DLADY|64.100|64.100|64.000|-0.100|-0.16|44
4456|DNEX|0.315|0.315|0.315|0.000|0.00|172,353
4456WD|DNEX-WD|0.080|0.080|0.080|0.000|0.00|46,266
7114|DNONCE|0.440|0.435|0.440|0.000|0.00|1,845
7114WA|DNONCE-WA|0.200|0.210|0.210|+0.010|+5.00|3,660
5835|DOLMITE|0.100|0.000|0.000|0.000|0.00|0
5265|DOLPHIN|0.145|0.140|0.145|0.000|0.00|2,759
5265WA|DOLPHIN-WA|0.030|0.030|0.035|+0.005|+16.67|2,430
7169|DOMINAN|1.280|1.280|1.290|+0.010|+0.78|76
7169WA|DOMINAN-WA|0.080|0.000|0.000|0.000|0.00|0
7148|DPHARMA|1.110|1.110|1.100|-0.010|-0.90|10,059
0205|DPIH|0.220|0.215|0.210|-0.010|-4.55|5,331
7198|DPS|0.070|0.065|0.065|-0.005|-7.14|613
7198WB|DPS-WB|0.030|0.000|0.000|0.000|0.00|0
1619|DRBHCOM|1.890|1.880|1.920|+0.030|+1.59|66,221
161960|DRBHCOMC60|0.020|0.020|0.030|+0.010|+50.00|44,881
161962|DRBHCOMC62|0.005|0.000|0.000|0.000|0.00|0
161963|DRBHCOMC63|0.005|0.000|0.000|0.000|0.00|0
161964|DRBHCOMC64|0.005|0.010|0.015|+0.010|+200.00|2,850
161966|DRBHCOMC66|0.005|0.000|0.000|0.000|0.00|0
161967|DRBHCOMC67|0.010|0.000|0.000|0.000|0.00|0
161968|DRBHCOMC68|0.090|0.090|0.105|+0.015|+16.67|38,252
161969|DRBHCOMC69|0.120|0.000|0.000|0.000|0.00|0
161970|DRBHCOMC70|0.155|0.150|0.180|+0.025|+16.13|33,321
161971|DRBHCOMC71|0.120|0.115|0.130|+0.010|+8.33|36,994
161972|DRBHCOMC72|0.110|0.130|0.130|+0.020|+18.18|1,000
161973|DRBHCOMC73|0.100|0.105|0.105|+0.005|+5.00|1,252
161974|DRBHCOMC74|0.085|0.085|0.100|+0.015|+17.65|53,470
161975|DRBHCOMC75|0.065|0.080|0.095|+0.030|+46.15|12
5216|DSONIC|0.530|0.530|0.545|+0.015|+2.83|152,733
5216WA|DSONIC-WA|0.095|0.090|0.090|-0.005|-5.26|26,827
7233|DUFU|1.620|1.640|1.640|+0.020|+1.23|26,713
3948|DUTALND|0.510|0.505|0.500|-0.010|-1.96|4,786
7165|DWL|0.785|0.785|0.785|0.000|0.00|350
7165PA|DWL-PA|0.220|0.000|0.000|0.000|0.00|0
7165WA|DWL-WA|0.225|0.000|0.000|0.000|0.00|0
5178|DYNACIA|0.095|0.095|0.090|-0.005|-5.26|20,286
5178PA|DYNACIA-PA|0.050|0.045|0.045|-0.005|-10.00|6,900
5178WA|DYNACIA-WA|0.040|0.040|0.040|0.000|0.00|2,004
3417|E&O|0.880|0.880|0.915|+0.035|+3.98|154,012
341713|E&O-C13|0.100|0.000|0.000|0.000|0.00|0
3417WB|E&O-WB|0.005|0.000|0.000|0.000|0.00|0
0154|EAH|0.015|0.015|0.020|+0.005|+33.33|3,772
0154WC|EAH-WC|0.005|0.000|0.000|0.000|0.00|0
0154WD|EAH-WD|0.005|0.005|0.005|0.000|0.00|4
0154WE|EAH-WE|0.010|0.005|0.010|0.000|0.00|20,613
2097|EASTLND|0.105|0.105|0.115|+0.010|+9.52|19,950
5259|EATECH|0.480|0.480|0.480|0.000|0.00|23,710
2143|ECM|0.275|0.270|0.270|-0.005|-1.82|57
3557|ECOFIRS|0.295|0.295|0.300|+0.005|+1.69|8,735
3557WC|ECOFIRS-WC|0.020|0.000|0.000|0.000|0.00|0
0059|ECOHLDS|0.305|0.305|0.310|+0.005|+1.64|620
5253|ECONBHD|0.485|0.475|0.455|-0.030|-6.19|332,467
5253WA|ECONBHD-WA|0.115|0.115|0.110|-0.005|-4.35|16,288
8206|ECOWLD|0.930|0.935|0.935|+0.005|+0.54|9,020
8206CQ|ECOWLD-CQ|0.005|0.000|0.000|0.000|0.00|0
8206CS|ECOWLD-CS|0.035|0.000|0.000|0.000|0.00|0
8206CT|ECOWLD-CT|0.150|0.000|0.000|0.000|0.00|0
8206WA|ECOWLD-WA|0.175|0.180|0.180|+0.005|+2.86|96
5036|EDARAN|0.565|0.565|0.570|+0.005|+0.88|31,201
7471|EDEN|0.120|0.125|0.120|0.000|0.00|85,722
7471WB|EDEN-WB|0.045|0.050|0.045|0.000|0.00|11,633
1368|EDGENTA|2.850|2.850|2.860|+0.010|+0.35|132
0107|EDUSPEC|0.030|0.030|0.030|0.000|0.00|78,418
0064|EFFICEN|0.180|0.185|0.185|+0.005|+2.78|1,200
0065|EFORCE|0.505|0.505|0.500|-0.005|-0.99|14,944
0065WA|EFORCE-WA|0.150|0.145|0.150|0.000|0.00|4,939
8907|EG|0.450|0.455|0.455|+0.005|+1.11|6,783
8907PA|EG-PA|0.445|0.450|0.450|+0.005|+1.12|300
8907WC|EG-WC|0.125|0.125|0.125|0.000|0.00|1,495
5081|EIG|0.655|0.000|0.000|0.000|0.00|0
5208|EITA|1.330|1.320|1.310|-0.020|-1.50|380
7182|EKA|0.065|0.000|0.000|0.000|0.00|0
8877|EKOVEST|0.560|0.560|0.565|+0.005|+0.89|231,952
8877CQ|EKOVEST-CQ|0.005|0.000|0.000|0.000|0.00|0
8877CR|EKOVEST-CR|0.005|0.000|0.000|0.000|0.00|0
8877CS|EKOVEST-CS|0.040|0.000|0.000|0.000|0.00|0
8877CT|EKOVEST-CT|0.050|0.050|0.050|0.000|0.00|16,200
8877WB|EKOVEST-WB|0.095|0.090|0.095|0.000|0.00|55,574
9016|EKSONS|0.820|0.780|0.820|0.000|0.00|60
5228|ELKDESA|1.400|1.420|1.380|-0.020|-1.43|959
5228LA|ELKDESA-LA|1.170|0.000|0.000|0.000|0.00|0
0090|ELSOFT|1.010|1.010|1.020|+0.010|+0.99|11,800
7217|EMETALL|0.400|0.390|0.390|-0.010|-2.50|975
9091|EMICO|0.175|0.000|0.000|0.000|0.00|0
6076|ENCORP|0.355|0.365|0.360|+0.005|+1.41|1,115
7149|ENGKAH|1.040|1.030|1.040|0.000|0.00|3
5056|ENGTEX|0.835|0.825|0.840|+0.005|+0.60|3,424
8613|ENRA|1.550|0.000|0.000|0.000|0.00|0
7773|EPMB|0.400|0.370|0.390|-0.010|-2.50|575
0190|ESAFE|0.210|0.200|0.245|+0.035|+16.67|1,121
0100|ESCERAM|0.155|0.155|0.155|0.000|0.00|250
03021|ETH|0.185|0.000|0.000|0.000|0.00|0
6815|EUPE|0.675|0.665|0.665|-0.010|-1.48|281
7208|EURO|0.135|0.000|0.000|0.000|0.00|0
7094|EUROSP|0.405|0.420|0.420|+0.015|+3.70|300
5101|EVERGRN|0.375|0.380|0.375|0.000|0.00|8,040
7249|EWEIN|0.585|0.590|0.595|+0.010|+1.71|16,443
5283|EWINT|0.785|0.775|0.785|0.000|0.00|228
5283WA|EWINT-WA|0.150|0.150|0.155|+0.005|+3.33|8,267
3689|F&N|35.000|34.840|34.840|-0.160|-0.46|9,502
2984|FACBIND|1.290|0.000|0.000|0.000|0.00|0
7047|FAJAR|0.440|0.440|0.420|-0.020|-4.55|23,017
7047WB|FAJAR-WB|0.040|0.040|0.035|-0.005|-12.50|4,245
5029|FAREAST|2.610|0.000|0.000|0.000|0.00|0
6041|FARLIM|0.385|0.385|0.380|-0.005|-1.30|1,319
7229|FAVCO|2.800|2.800|2.750|-0.050|-1.79|316
06505D|FBMKLCI-C5D|0.085|0.000|0.000|0.000|0.00|0
06505I|FBMKLCI-C5I|0.005|0.000|0.000|0.000|0.00|0
06505J|FBMKLCI-C5J|0.040|0.000|0.000|0.000|0.00|0
06505K|FBMKLCI-C5K|0.005|0.000|0.000|0.000|0.00|0
06505L|FBMKLCI-C5L|0.070|0.000|0.000|0.000|0.00|0
06505M|FBMKLCI-C5M|0.100|0.000|0.000|0.000|0.00|0
06505N|FBMKLCI-C5N|0.045|0.000|0.000|0.000|0.00|0
06505O|FBMKLCI-C5O|0.035|0.000|0.000|0.000|0.00|0
06505P|FBMKLCI-C5P|0.175|0.000|0.000|0.000|0.00|0
06505Q|FBMKLCI-C5Q|0.265|0.275|0.285|+0.020|+7.55|19,950
06505R|FBMKLCI-C5R|0.045|0.055|0.055|+0.010|+22.22|560
06505S|FBMKLCI-C5S|0.145|0.000|0.000|0.000|0.00|0
06505T|FBMKLCI-C5T|0.230|0.000|0.000|0.000|0.00|0
06505U|FBMKLCI-C5U|0.150|0.000|0.000|0.000|0.00|0
06505V|FBMKLCI-C5V|0.055|0.000|0.000|0.000|0.00|0
06505W|FBMKLCI-C5W|0.150|0.035|0.035|-0.115|-76.67|671
0820EA|FBMKLCI-EA|1.780|0.000|0.000|0.000|0.00|0
06506F|FBMKLCI-H6F|0.025|0.000|0.000|0.000|0.00|0
06506K|FBMKLCI-H6K|0.205|0.000|0.000|0.000|0.00|0
06506L|FBMKLCI-H6L|0.135|0.130|0.130|-0.005|-3.70|300
06506M|FBMKLCI-H6M|0.195|0.180|0.180|-0.015|-7.69|150
06506N|FBMKLCI-H6N|0.225|0.000|0.000|0.000|0.00|0
06506O|FBMKLCI-H6O|0.330|0.000|0.000|0.000|0.00|0
06506P|FBMKLCI-H6P|0.050|0.050|0.050|0.000|0.00|14,475
06506Q|FBMKLCI-H6Q|0.095|0.095|0.095|0.000|0.00|200
06506R|FBMKLCI-H6R|0.240|0.000|0.000|0.000|0.00|0
06506S|FBMKLCI-H6S|0.360|0.355|0.355|-0.005|-1.39|1,000
06506T|FBMKLCI-H6T|0.105|0.100|0.095|-0.010|-9.52|1,500
06506U|FBMKLCI-H6U|0.255|0.000|0.000|0.000|0.00|0
06506V|FBMKLCI-H6V|0.255|0.000|0.000|0.000|0.00|0
06506W|FBMKLCI-H6W|0.155|0.000|0.000|0.000|0.00|0
06506X|FBMKLCI-H6X|0.120|0.115|0.115|-0.005|-4.17|98
06506Y|FBMKLCI-H6Y|0.150|0.000|0.000|0.000|0.00|0
2755|FCW|0.950|0.000|0.000|0.000|0.00|0
5222|FGV|1.120|1.120|1.110|-0.010|-0.89|266,780
522255|FGV-C55|0.015|0.005|0.010|-0.005|-33.33|2,245
522256|FGV-C56|0.005|0.005|0.005|0.000|0.00|1,000
522257|FGV-C57|0.005|0.000|0.000|0.000|0.00|0
522258|FGV-C58|0.010|0.000|0.000|0.000|0.00|0
522259|FGV-C59|0.035|0.000|0.000|0.000|0.00|0
522260|FGV-C60|0.005|0.000|0.000|0.000|0.00|0
522261|FGV-C61|0.025|0.020|0.020|-0.005|-20.00|2,320
522262|FGV-C62|0.080|0.080|0.075|-0.005|-6.25|21,356
522263|FGV-C63|0.150|0.150|0.155|+0.005|+3.33|16,026
522264|FGV-C64|0.240|0.000|0.000|0.000|0.00|0
522265|FGV-C65|0.170|0.165|0.165|-0.005|-2.94|36,750
522266|FGV-C66|0.310|0.000|0.000|0.000|0.00|0
522267|FGV-C67|0.390|0.380|0.375|-0.015|-3.85|911
522268|FGV-C68|0.200|0.000|0.000|0.000|0.00|0
522269|FGV-C69|0.110|0.105|0.105|-0.005|-4.55|17,000
522270|FGV-C70|0.095|0.090|0.095|0.000|0.00|4
522271|FGV-C71|0.045|0.000|0.000|0.000|0.00|0
522272|FGV-C72|0.040|0.035|0.035|-0.005|-12.50|8,300
522273|FGV-C73|0.075|0.075|0.075|0.000|0.00|118,172
6939|FIAMMA|0.485|0.000|0.000|0.000|0.00|0
0149|FIBON|0.430|0.000|0.000|0.000|0.00|0
8605|FIHB|0.420|0.415|0.450|+0.030|+7.14|6,889
8605PA|FIHB-PA|0.085|0.080|0.080|-0.005|-5.88|900
8605PB|FIHB-PB|0.080|0.000|0.000|0.000|0.00|0
3107|FIMACOR|1.920|0.000|0.000|0.000|0.00|0
0150|FINTEC|0.050|0.050|0.050|0.000|0.00|13,832
0150PA|FINTEC-PA|0.020|0.025|0.030|+0.010|+50.00|2,900
0150WA|FINTEC-WA|0.010|0.000|0.000|0.000|0.00|0
0150WB|FINTEC-WB|0.015|0.000|0.000|0.000|0.00|0
9318|FITTERS|0.515|0.515|0.510|-0.005|-0.97|64,463
9318WB|FITTERS-WB|0.025|0.025|0.025|0.000|0.00|4,595
5197|FLBHD|1.660|1.670|1.660|0.000|0.00|2,426
0116|FOCUS|0.140|0.140|0.135|-0.005|-3.57|19,990
0116WC|FOCUS-WC|0.080|0.000|0.000|0.000|0.00|0
0157|FOCUSP|0.400|0.395|0.390|-0.010|-2.50|7,587
5277|FPGROUP|0.325|0.330|0.325|0.000|0.00|72,109
9172|FPI|1.860|1.860|1.850|-0.010|-0.54|4,916
7210|FREIGHT|0.585|0.585|0.600|+0.015|+2.56|7,138
0128|FRONTKN|0.960|0.955|0.960|0.000|0.00|56,390
9377|FSBM|0.095|0.000|0.000|0.000|0.00|0
9377WA|FSBM-WA|0.025|0.000|0.000|0.000|0.00|0
7184|G3|0.790|0.000|0.000|0.000|0.00|0
7184WA|G3-WA|0.700|0.000|0.000|0.000|0.00|0
9261|GADANG|0.675|0.675|0.680|+0.005|+0.74|61,185
9261WB|GADANG-WB|0.190|0.190|0.195|+0.005|+2.63|31,420
5398|GAMUDA|2.890|2.890|2.920|+0.030|+1.04|92,928
539851|GAMUDA-C51|0.015|0.005|0.005|-0.010|-66.67|1,430
539853|GAMUDA-C53|0.005|0.000|0.000|0.000|0.00|0
539856|GAMUDA-C56|0.030|0.000|0.000|0.000|0.00|0
539857|GAMUDA-C57|0.040|0.045|0.045|+0.005|+12.50|4
539858|GAMUDA-C58|0.070|0.075|0.075|+0.005|+7.14|200
539859|GAMUDA-C59|0.170|0.180|0.185|+0.015|+8.82|202
539860|GAMUDA-C60|0.105|0.000|0.000|0.000|0.00|0
539861|GAMUDA-C61|0.080|0.080|0.080|0.000|0.00|2,600
539862|GAMUDA-C62|0.110|0.105|0.105|-0.005|-4.55|1,400
539863|GAMUDA-C63|0.105|0.105|0.105|0.000|0.00|4,000
5398WE|GAMUDA-WE|0.220|0.220|0.225|+0.005|+2.27|17,720
5209|GASMSIA|2.840|2.840|2.870|+0.030|+1.06|440
5226|GBGAQRS|1.210|1.210|1.230|+0.020|+1.65|21,855
5226WB|GBGAQRS-WB|0.300|0.285|0.305|+0.005|+1.67|35,931
5102|GCB|3.740|3.740|3.730|-0.010|-0.27|1,650
5102CA|GCB-CA|0.280|0.280|0.280|0.000|0.00|710
5102CB|GCB-CB|0.190|0.185|0.190|0.000|0.00|2,544
5102CC|GCB-CC|0.150|0.145|0.145|-0.005|-3.33|400
5592|GCE|0.465|0.470|0.470|+0.005|+1.08|60
0198|GDB|0.295|0.295|0.290|-0.005|-1.69|7,838
0078|GDEX|0.345|0.345|0.340|-0.005|-1.45|44,378
0078WB|GDEX-WB|0.060|0.060|0.060|0.000|0.00|58,456
0580C1|GEELY-C1|0.050|0.000|0.000|0.000|0.00|0
0104|GENETEC|1.780|1.770|1.730|-0.050|-2.81|415
4715|GENM|3.410|3.400|3.410|0.000|0.00|125,546
471538|GENM-C38|0.005|0.000|0.000|0.000|0.00|0
471540|GENM-C40|0.150|0.000|0.000|0.000|0.00|0
471541|GENM-C41|0.005|0.000|0.000|0.000|0.00|0
471542|GENM-C42|0.045|0.035|0.035|-0.010|-22.22|9,100
471543|GENM-C43|0.045|0.045|0.040|-0.005|-11.11|1,834
471544|GENM-C44|0.075|0.000|0.000|0.000|0.00|0
471545|GENM-C45|0.155|0.155|0.155|0.000|0.00|400
471546|GENM-C46|0.115|0.110|0.110|-0.005|-4.35|26,500
471547|GENM-C47|0.140|0.135|0.135|-0.005|-3.57|3,000
471548|GENM-C48|0.125|0.000|0.000|0.000|0.00|0
471549|GENM-C49|0.205|0.200|0.200|-0.005|-2.44|8,800
471550|GENM-C50|0.185|0.000|0.000|0.000|0.00|0
471551|GENM-C51|0.140|0.140|0.140|0.000|0.00|1,604
471552|GENM-C52|0.205|0.000|0.000|0.000|0.00|0
471553|GENM-C53|0.125|0.000|0.000|0.000|0.00|0
471554|GENM-C54|0.095|0.095|0.095|0.000|0.00|120
2291|GENP|10.420|10.420|10.600|+0.180|+1.73|4,425
2291WA|GENP-WA|2.510|2.550|2.600|+0.090|+3.59|24
3182|GENTING|6.980|6.980|6.950|-0.030|-0.43|95,098
318251|GENTINGC51|0.005|0.000|0.000|0.000|0.00|0
318255|GENTINGC55|0.050|0.000|0.000|0.000|0.00|0
318256|GENTINGC56|0.030|0.000|0.000|0.000|0.00|0
318257|GENTINGC57|0.095|0.090|0.085|-0.010|-10.53|40,047
318258|GENTINGC58|0.060|0.065|0.065|+0.005|+8.33|7,408
318259|GENTINGC59|0.095|0.100|0.095|0.000|0.00|13,000
318260|GENTINGC60|0.150|0.120|0.120|-0.030|-20.00|1,000
318261|GENTINGC61|0.115|0.110|0.110|-0.005|-4.35|2,100
318262|GENTINGC62|0.155|0.145|0.145|-0.010|-6.45|7,300
318263|GENTINGC63|0.145|0.000|0.000|0.000|0.00|0
318264|GENTINGC64|0.090|0.000|0.000|0.000|0.00|0
7197|GESHEN|0.620|0.620|0.630|+0.010|+1.61|450
5079|GETS|0.125|0.120|0.120|-0.005|-4.00|260
0039|GFM|0.530|0.530|0.530|0.000|0.00|26,501
0039WC|GFM-WC|0.210|0.215|0.210|0.000|0.00|27,800
0021|GHLSYS|1.650|1.630|1.650|0.000|0.00|1,003
0021CA|GHLSYS-CA|0.110|0.000|0.000|0.000|0.00|0
3204|GKENT|1.180|1.190|1.170|-0.010|-0.85|38,477
7382|GLBHD|0.390|0.000|0.000|0.000|0.00|0
5020|GLOMAC|0.375|0.375|0.375|0.000|0.00|3,500
5220|GLOTEC|0.475|0.465|0.475|0.000|0.00|5,681
5220WA|GLOTEC-WA|0.070|0.070|0.070|0.000|0.00|181
9962|GMUTUAL|0.275|0.000|0.000|0.000|0.00|0
0045|GNB|0.050|0.050|0.050|0.000|0.00|6,500
1147|GOB|0.185|0.190|0.190|+0.005|+2.70|8,351
1147WA|GOB-WA|0.005|0.005|0.005|0.000|0.00|1,670
0074|GOCEAN|0.115|0.105|0.115|0.000|0.00|670
0074WA|GOCEAN-WA|0.005|0.005|0.005|0.000|0.00|390
0828EA|GOLDETF|1.745|0.000|0.000|0.000|0.00|0
7192|GOODWAY|0.215|0.210|0.215|0.000|0.00|1,842
2135|GOPENG|0.700|0.000|0.000|0.000|0.00|0
7096|GPA|0.100|0.100|0.100|0.000|0.00|411
7096WA|GPA-WA|0.030|0.030|0.030|0.000|0.00|78,153
0082|GPACKET|0.330|0.335|0.350|+0.020|+6.06|23,063
0082WB|GPACKET-WB|0.085|0.090|0.090|+0.005|+5.88|12,102
5649|GPHAROS|0.215|0.225|0.225|+0.010|+4.65|2,217
0056|GRANFLO|0.205|0.210|0.210|+0.005|+2.44|740
0136|GREENYB|0.130|0.130|0.130|0.000|0.00|330
7077|GSB|0.200|0.200|0.195|-0.005|-2.50|28,501
7022|GTRONIC|1.810|1.810|1.790|-0.020|-1.10|3,572
7022CR|GTRONIC-CR|0.005|0.000|0.000|0.000|0.00|0
7022CS|GTRONIC-CS|0.005|0.000|0.000|0.000|0.00|0
7022CT|GTRONIC-CT|0.005|0.000|0.000|0.000|0.00|0
7022CU|GTRONIC-CU|0.030|0.000|0.000|0.000|0.00|0
7022CV|GTRONIC-CV|0.095|0.000|0.000|0.000|0.00|0
7022CW|GTRONIC-CW|0.045|0.000|0.000|0.000|0.00|0
3247|GUH|0.500|0.500|0.520|+0.020|+4.00|126
7676|GUNUNG|0.290|0.290|0.290|0.000|0.00|281
7676WB|GUNUNG-WB|0.055|0.045|0.050|-0.005|-9.09|129
1503|GUOCO|0.735|0.745|0.735|0.000|0.00|396
7668|HAIO|2.700|2.750|2.700|0.000|0.00|1,009
7668CG|HAIO-CG|0.075|0.000|0.000|0.000|0.00|0
5151|HALEX|0.995|0.995|0.970|-0.025|-2.51|1,002
7253|HANDAL|0.380|0.395|0.415|+0.035|+9.21|18,639
3034|HAPSENG|9.850|9.770|9.900|+0.050|+0.51|13,966
3034CX|HAPSENG-CX|0.040|0.000|0.000|0.000|0.00|0
2062|HARBOUR|0.750|0.730|0.745|-0.005|-0.67|288
2062WC|HARBOUR-WC|0.070|0.000|0.000|0.000|0.00|0
5008|HARISON|3.900|3.800|3.810|-0.090|-2.31|200
7501|HARNLEN|0.660|0.660|0.645|-0.015|-2.27|430
5168|HARTA|4.620|4.680|4.760|+0.140|+3.03|72,865
516811|HARTA-C11|0.005|0.000|0.000|0.000|0.00|0
516815|HARTA-C15|0.020|0.000|0.000|0.000|0.00|0
516816|HARTA-C16|0.010|0.000|0.000|0.000|0.00|0
516817|HARTA-C17|0.005|0.000|0.000|0.000|0.00|0
516818|HARTA-C18|0.005|0.000|0.000|0.000|0.00|0
516819|HARTA-C19|0.055|0.000|0.000|0.000|0.00|0
516820|HARTA-C20|0.050|0.000|0.000|0.000|0.00|0
516821|HARTA-C21|0.065|0.070|0.070|+0.005|+7.69|1,200
516822|HARTA-C22|0.050|0.055|0.060|+0.010|+20.00|11,714
5187|HBGLOB|0.115|0.115|0.125|+0.010|+8.70|7,502
7105|HCK|1.250|1.240|1.250|0.000|0.00|170
7105WA|HCK-WA|0.295|0.000|0.000|0.000|0.00|0
3255|HEIM|22.740|22.740|22.740|0.000|0.00|355
5121|HEKTAR|1.140|1.140|1.130|-0.010|-0.88|5,948
4324|HENGYUAN|6.300|6.300|6.290|-0.010|-0.16|5,779
4324C1|HENGYUAN-C1|0.020|0.005|0.005|-0.015|-75.00|4,000
4324C2|HENGYUAN-C2|0.010|0.000|0.000|0.000|0.00|0
4324C4|HENGYUAN-C4|0.030|0.000|0.000|0.000|0.00|0
4324C5|HENGYUAN-C5|0.035|0.000|0.000|0.000|0.00|0
4324C6|HENGYUAN-C6|0.065|0.000|0.000|0.000|0.00|0
4324C7|HENGYUAN-C7|0.255|0.230|0.230|-0.025|-9.80|1,932
4324C8|HENGYUAN-C8|0.135|0.135|0.135|0.000|0.00|1,300
4324CZ|HENGYUAN-CZ|0.035|0.030|0.025|-0.010|-28.57|532
5095|HEVEA|0.650|0.645|0.645|-0.005|-0.77|5,520
5095WB|HEVEA-WB|0.450|0.450|0.450|0.000|0.00|149
3298|HEXZA|0.700|0.700|0.705|+0.005|+0.71|545
0175|HHGROUP|0.125|0.120|0.120|-0.005|-4.00|1,365
0160|HHHCORP|0.100|0.095|0.095|-0.005|-5.00|4,140
5072|HIAPTEK|0.310|0.315|0.320|+0.010|+3.23|116,883
5072LA|HIAPTEK-LA|0.305|0.310|0.310|+0.005|+1.64|3,536
5072WB|HIAPTEK-WB|0.085|0.090|0.095|+0.010|+11.76|44,889
5199|HIBISCS|1.070|1.060|1.050|-0.020|-1.87|212,980
5199CK|HIBISCS-CK|0.005|0.000|0.000|0.000|0.00|0
5199CM|HIBISCS-CM|0.095|0.085|0.085|-0.010|-10.53|984
5199CN|HIBISCS-CN|0.075|0.070|0.070|-0.005|-6.67|2,000
5199CO|HIBISCS-CO|0.075|0.000|0.000|0.000|0.00|0
5199CP|HIBISCS-CP|0.055|0.055|0.055|0.000|0.00|1,127
5199CQ|HIBISCS-CQ|0.130|0.130|0.125|-0.005|-3.85|43,900
5199CR|HIBISCS-CR|0.115|0.115|0.110|-0.005|-4.35|15,927
5199CS|HIBISCS-CS|0.110|0.000|0.000|0.000|0.00|0
5199CT|HIBISCS-CT|0.145|0.000|0.000|0.000|0.00|0
5199CU|HIBISCS-CU|0.100|0.095|0.095|-0.005|-5.00|19,552
5199CV|HIBISCS-CV|0.085|0.000|0.000|0.000|0.00|0
5199CW|HIBISCS-CW|0.100|0.100|0.095|-0.005|-5.00|1,340
5199WC|HIBISCS-WC|0.485|0.485|0.480|-0.005|-1.03|111,180
7033|HIGHTEC|1.280|0.000|0.000|0.000|0.00|0
8443|HIL|0.550|0.555|0.555|+0.005|+0.91|4,985
8443WB|HIL-WB|0.190|0.000|0.000|0.000|0.00|0
0505CF|HKEX-CF|0.425|0.000|0.000|0.000|0.00|0
5819|HLBANK|20.740|20.760|21.280|+0.540|+2.60|12,638
5819CN|HLBANK-CN|0.035|0.035|0.035|0.000|0.00|2,000
5819CO|HLBANK-CO|0.125|0.000|0.000|0.000|0.00|0
5274|HLCAP|9.600|0.000|0.000|0.000|0.00|0
1082|HLFG|19.300|19.300|19.420|+0.120|+0.62|4,438
3301|HLIND|9.940|9.960|10.100|+0.160|+1.61|989
0188|HLT|0.130|0.135|0.135|+0.005|+3.85|3,290
0188WA|HLT-WA|0.060|0.040|0.050|-0.010|-16.67|7,815
5169|HOHUP|0.435|0.440|0.430|-0.005|-1.15|2,732
5165|HOKHENG|0.590|0.580|0.580|-0.010|-1.69|954
5160|HOMERIZ|0.615|0.615|0.610|-0.005|-0.81|930
5160WA|HOMERIZ-WA|0.070|0.070|0.070|0.000|0.00|1,147
7010|HOOVER|0.600|0.595|0.595|-0.005|-0.83|573
06513U|HSI-C3U|0.015|0.000|0.000|0.000|0.00|0
06513V|HSI-C3V|0.085|0.075|0.105|+0.020|+23.53|426,753
06513W|HSI-C3W|0.380|0.385|0.440|+0.060|+15.79|113,057
06513X|HSI-C3X|0.920|0.940|1.060|+0.140|+15.22|1,369
06513Y|HSI-C3Y|0.090|0.000|0.000|0.000|0.00|0
06513Z|HSI-C3Z|0.175|0.175|0.195|+0.020|+11.43|109,469
06515A|HSI-C5A|0.400|0.400|0.435|+0.035|+8.75|219,081
06515B|HSI-C5B|0.720|0.720|0.780|+0.060|+8.33|56,140
06515C|HSI-C5C|0.210|0.210|0.235|+0.025|+11.90|78,324
06515D|HSI-C5D|0.350|0.350|0.375|+0.025|+7.14|171,168
06515E|HSI-C5E|0.655|0.650|0.695|+0.040|+6.11|4,086
06515F|HSI-C5F|1.020|1.050|1.070|+0.050|+4.90|1,800
06515G|HSI-C5G|0.540|0.540|0.580|+0.040|+7.41|4,931
06515H|HSI-C5H|0.790|0.840|0.890|+0.100|+12.66|710
06515I|HSI-C5I|1.190|0.000|0.000|0.000|0.00|0
06515J|HSI-C5J|0.680|0.670|0.720|+0.040|+5.88|24,733
06515K|HSI-C5K|1.030|1.050|1.100|+0.070|+6.80|218
06515L|HSI-C5L|1.410|0.000|0.000|0.000|0.00|0
06515M|HSI-C5M|1.880|1.970|1.970|+0.090|+4.79|100
06514V|HSI-H4V|0.005|0.005|0.005|0.000|0.00|32,485
06514W|HSI-H4W|0.005|0.005|0.005|0.000|0.00|36,436
06514X|HSI-H4X|0.005|0.005|0.005|0.000|0.00|17,494
06514Y|HSI-H4Y|0.035|0.030|0.025|-0.010|-28.57|28,451
06514Z|HSI-H4Z|0.010|0.010|0.010|0.000|0.00|450
06516A|HSI-H6A|0.030|0.025|0.030|0.000|0.00|9,474
06516B|HSI-H6B|0.050|0.050|0.040|-0.010|-20.00|2,660
06516C|HSI-H6C|0.110|0.110|0.095|-0.015|-13.64|101,361
06516D|HSI-H6D|0.120|0.055|0.055|-0.065|-54.17|100
06516E|HSI-H6E|0.145|0.140|0.130|-0.015|-10.34|8,200
06516F|HSI-H6F|0.265|0.265|0.240|-0.025|-9.43|406,903
06516G|HSI-H6G|0.470|0.475|0.440|-0.030|-6.38|256,990
06516H|HSI-H6H|0.115|0.090|0.090|-0.025|-21.74|10
06516I|HSI-H6I|0.180|0.000|0.000|0.000|0.00|0
06516J|HSI-H6J|0.275|0.275|0.260|-0.015|-5.45|12,975
06516K|HSI-H6K|0.075|0.075|0.075|0.000|0.00|100
06516L|HSI-H6L|0.155|0.000|0.000|0.000|0.00|0
06516M|HSI-H6M|0.185|0.185|0.175|-0.010|-5.41|8,930
06516N|HSI-H6N|0.305|0.305|0.285|-0.020|-6.56|6,075
6238|HSL|1.480|1.480|1.480|0.000|0.00|428
5138|HSPLANT|1.930|0.000|0.000|0.000|0.00|0
0185|HSSEB|1.150|1.150|1.140|-0.010|-0.87|10,072
0185WA|HSSEB-WA|0.220|0.220|0.230|+0.010|+4.55|70
5028|HTPADU|0.710|0.710|0.760|+0.050|+7.04|23,985
2739|HUAAN|0.290|0.280|0.270|-0.020|-6.90|1,292,521
5062|HUAYANG|0.425|0.430|0.420|-0.005|-1.18|3,887
7013|HUBLINE|0.060|0.060|0.055|-0.005|-8.33|486,165
7013WA|HUBLINE-WA|0.005|0.005|0.005|0.000|0.00|1,000
7013WB|HUBLINE-WB|0.010|0.000|0.000|0.000|0.00|0
7013WC|HUBLINE-WC|0.020|0.020|0.020|0.000|0.00|11,042
5000|HUMEIND|0.735|0.735|0.740|+0.005|+0.68|2,698
5024|HUPSENG|1.010|1.030|1.030|+0.020|+1.98|1,343
8478|HWATAI|0.310|0.300|0.305|-0.005|-1.61|5
9601|HWGB|0.105|0.105|0.110|+0.005|+4.76|1,802
9601WD|HWGB-WD|0.030|0.030|0.030|0.000|0.00|375
4251|IBHD|0.430|0.425|0.430|0.000|0.00|1,077
4251LB|IBHD-LB|0.310|0.310|0.310|0.000|0.00|250
4251WA|IBHD-WA|0.010|0.000|0.000|0.000|0.00|0
5084|IBRACO|0.700|0.700|0.700|0.000|0.00|40
5108|ICAP|2.440|2.400|2.410|-0.030|-1.23|239
0502CF|ICBC-CF|0.100|0.000|0.000|0.000|0.00|0
5255|ICON|0.105|0.105|0.105|0.000|0.00|85,335
9687|IDEAL|1.080|1.080|1.100|+0.020|+1.85|1,717
9687WB|IDEAL-WB|0.360|0.360|0.365|+0.005|+1.39|608
0174|IDMENSN|0.025|0.000|0.000|0.000|0.00|0
0174WA|IDMENSN-WA|0.005|0.000|0.000|0.000|0.00|0
0023|IFCAMSC|0.485|0.480|0.455|-0.030|-6.19|322,047
5606|IGBB|2.510|2.510|2.520|+0.010|+0.40|879
5606PA|IGBB-PA|1.120|0.000|0.000|0.000|0.00|0
5606PB|IGBB-PB|3.200|0.000|0.000|0.000|0.00|0
5227|IGBREIT|1.760|1.770|1.830|+0.070|+3.98|28,916
5225|IHH|5.890|5.850|5.780|-0.110|-1.87|88,749
522510|IHH-C10|0.135|0.130|0.130|-0.005|-3.70|882
5225C7|IHH-C7|0.050|0.000|0.000|0.000|0.00|0
5225C8|IHH-C8|0.120|0.115|0.120|0.000|0.00|1,000
5225C9|IHH-C9|0.095|0.000|0.000|0.000|0.00|0
0401GA|IHS046000824|96.000|0.000|0.000|0.000|0.00|0
3336|IJM|1.990|1.990|1.990|0.000|0.00|71,192
333620|IJM-C20|0.070|0.000|0.000|0.000|0.00|0
333621|IJM-C21|0.070|0.075|0.075|+0.005|+7.14|644
333622|IJM-C22|0.005|0.000|0.000|0.000|0.00|0
333624|IJM-C24|0.140|0.000|0.000|0.000|0.00|0
333625|IJM-C25|0.155|0.165|0.165|+0.010|+6.45|1,500
2216|IJMPLNT|1.660|0.000|0.000|0.000|0.00|0
5268|IKHMAS|0.165|0.165|0.160|-0.005|-3.03|34,997
5614|ILB|0.440|0.000|0.000|0.000|0.00|0
7222|IMASPRO|2.230|2.200|2.180|-0.050|-2.24|19,484
0166|INARI|1.480|1.490|1.510|+0.030|+2.03|76,223
016621|INARI-C21|0.005|0.000|0.000|0.000|0.00|0
016622|INARI-C22|0.005|0.000|0.000|0.000|0.00|0
016623|INARI-C23|0.005|0.000|0.000|0.000|0.00|0
016624|INARI-C24|0.005|0.000|0.000|0.000|0.00|0
016625|INARI-C25|0.005|0.000|0.000|0.000|0.00|0
016626|INARI-C26|0.035|0.000|0.000|0.000|0.00|0
016627|INARI-C27|0.030|0.000|0.000|0.000|0.00|0
016628|INARI-C28|0.025|0.030|0.030|+0.005|+20.00|800
016629|INARI-C29|0.060|0.060|0.060|0.000|0.00|4,200
016630|INARI-C30|0.065|0.050|0.050|-0.015|-23.08|200
016631|INARI-C31|0.105|0.110|0.115|+0.010|+9.52|5,680
016632|INARI-C32|0.115|0.115|0.120|+0.005|+4.35|17,528
016633|INARI-C33|0.245|0.255|0.250|+0.005|+2.04|600
016634|INARI-C34|0.075|0.075|0.075|0.000|0.00|8,650
016635|INARI-C35|0.055|0.060|0.060|+0.005|+9.09|3,500
016636|INARI-C36|0.070|0.000|0.000|0.000|0.00|0
016637|INARI-C37|0.100|0.100|0.100|0.000|0.00|154
0166WB|INARI-WB|0.980|0.985|0.990|+0.010|+1.02|696
2607|INCKEN|0.615|0.625|0.635|+0.020|+3.25|1,022
0094|INIX|0.055|0.055|0.055|0.000|0.00|10,543
0094WA|INIX-WA|0.025|0.020|0.020|-0.005|-20.00|1,350
0147|INNITY|0.575|0.000|0.000|0.000|0.00|0
6262|INNO|0.730|0.730|0.730|0.000|0.00|170
3379|INSAS|0.775|0.775|0.775|0.000|0.00|2,504
3379PA|INSAS-PA|0.985|0.980|0.980|-0.005|-0.51|8
3379WB|INSAS-WB|0.075|0.080|0.075|0.000|0.00|130
0192|INTA|0.275|0.275|0.275|0.000|0.00|6,850
1961|IOICORP|4.460|4.420|4.540|+0.080|+1.79|77,308
196119|IOICORP-C19|0.045|0.000|0.000|0.000|0.00|0
5249|IOIPG|1.470|1.460|1.450|-0.020|-1.36|47,911
5249CU|IOIPG-CU|0.045|0.000|0.000|0.000|0.00|0
5249CV|IOIPG-CV|0.165|0.160|0.165|0.000|0.00|2,540
5673|IPMUDA|0.530|0.000|0.000|0.000|0.00|0
5107|IQGROUP|1.220|1.180|1.210|-0.010|-0.82|172
8834|IREKA|0.560|0.000|0.000|0.000|0.00|0
8834WB|IREKA-WB|0.005|0.000|0.000|0.000|0.00|0
7183|IRETEX|0.135|0.135|0.135|0.000|0.00|192
7183LA|IRETEX-LA|0.015|0.015|0.015|0.000|0.00|5,000
7183WA|IRETEX-WA|0.005|0.005|0.005|0.000|0.00|600
0010|IRIS|0.140|0.140|0.140|0.000|0.00|397,122
9393|ITRONIC|0.095|0.100|0.100|+0.005|+5.26|140
5175|IVORY|0.220|0.210|0.210|-0.010|-4.55|1,760
1589|IWCITY|0.725|0.740|0.770|+0.045|+6.21|634,784
7223|JADI|0.040|0.040|0.035|-0.005|-12.50|47,512
0024|JAG|0.055|0.050|0.055|0.000|0.00|5,494
0024WA|JAG-WA|0.005|0.000|0.000|0.000|0.00|0
0024WB|JAG-WB|0.005|0.010|0.010|+0.005|+100.00|6,000
4723|JAKS|0.805|0.805|0.775|-0.030|-3.73|81,247
4723WB|JAKS-WB|0.525|0.520|0.500|-0.025|-4.76|12,285
8648|JASKITA|0.115|0.000|0.000|0.000|0.00|0
7152|JAYCORP|0.885|0.885|0.870|-0.015|-1.69|271
0058|JCBNEXT|1.520|1.490|1.490|-0.030|-1.97|8
5161|JCY|0.225|0.225|0.225|0.000|0.00|25,169
8931|JERASIA|0.390|0.380|0.380|-0.010|-2.56|50
9083|JETSON|0.185|0.175|0.180|-0.005|-2.70|910
0146|JFTECH|0.755|0.760|0.755|0.000|0.00|1,930
0127|JHM|1.130|1.120|1.110|-0.020|-1.77|11,379
8923|JIANKUN|0.325|0.000|0.000|0.000|0.00|0
8923WA|JIANKUN-WA|0.075|0.000|0.000|0.000|0.00|0
6769|JKGLAND|0.075|0.075|0.075|0.000|0.00|640
03003|JMEDU|0.535|0.000|0.000|0.000|0.00|0
7043|JMR|0.950|0.000|0.000|0.000|0.00|0
3441|JOHAN|0.095|0.090|0.085|-0.010|-10.53|16,500
7167|JOHOTIN|1.430|1.440|1.500|+0.070|+4.90|35,586
4383|JTIASA|0.565|0.565|0.565|0.000|0.00|2,741
0111|K1|0.245|0.245|0.240|-0.005|-2.04|20,831
0111WC|K1-WC|0.105|0.110|0.105|0.000|0.00|8,727
0193|KAB|0.210|0.210|0.210|0.000|0.00|7,083
8672|KAMDAR|0.290|0.000|0.000|0.000|0.00|0
0170|KANGER|0.045|0.040|0.045|0.000|0.00|6,862
0170WA|KANGER-WA|0.020|0.000|0.000|0.000|0.00|0
5247|KAREX|0.455|0.460|0.460|+0.005|+1.10|37,191
0054|KARYON|0.140|0.140|0.145|+0.005|+3.57|24,846
7216|KAWAN|1.700|1.750|1.760|+0.060|+3.53|481
3115|KBUNAI|0.085|0.085|0.085|0.000|0.00|2,070
3115WC|KBUNAI-WC|0.025|0.020|0.020|-0.005|-20.00|13,590
7199|KEINHIN|0.625|0.000|0.000|0.000|0.00|0
7323|KEN|0.680|0.000|0.000|0.000|0.00|0
6483|KENANGA|0.525|0.530|0.525|0.000|0.00|346
7161|KERJAYA|1.260|1.260|1.250|-0.010|-0.79|215
7161CJ|KERJAYA-CJ|0.020|0.000|0.000|0.000|0.00|0
7161WB|KERJAYA-WB|0.200|0.200|0.200|0.000|0.00|10
9334|KESM|8.490|8.500|8.540|+0.050|+0.59|466
0143|KEYASIC|0.115|0.115|0.115|0.000|0.00|133,465
6491|KFIMA|1.650|1.650|1.650|0.000|0.00|280
8303|KFM|0.180|0.175|0.170|-0.010|-5.56|850
0151|KGB|1.250|1.250|1.250|0.000|0.00|9,922
0151WA|KGB-WA|0.730|0.720|0.730|0.000|0.00|2,564
0036|KGROUP|0.040|0.045|0.050|+0.010|+25.00|33,749
0036WB|KGROUP-WB|0.005|0.005|0.010|+0.005|+100.00|2,052
6203|KHEESAN|0.650|0.000|0.000|0.000|0.00|0
7062|KHIND|1.730|0.000|0.000|0.000|0.00|0
6211|KIALIM|0.230|0.225|0.225|-0.005|-2.17|100
3522|KIANJOO|3.090|3.090|3.090|0.000|0.00|3,911
5371|KIMHIN|1.190|1.170|1.190|0.000|0.00|200
5171|KIMLUN|1.230|1.230|1.240|+0.010|+0.81|418
5171WA|KIMLUN-WA|0.330|0.000|0.000|0.000|0.00|0
5060|KINSTEL|0.005|0.000|0.000|0.000|0.00|0
5280|KIPREIT|0.855|0.860|0.860|+0.005|+0.58|2,473
9466|KKB|1.350|1.350|1.310|-0.040|-2.96|1,740
5235SS|KLCC|7.780|7.720|7.780|0.000|0.00|2,339
2445|KLK|24.860|24.860|25.000|+0.140|+0.56|8,426
2445C2|KLK-C2|0.140|0.000|0.000|0.000|0.00|0
2453|KLUANG|3.520|3.530|3.520|0.000|0.00|786
5027|KMLOONG|1.270|1.270|1.280|+0.010|+0.79|630
5027WB|KMLOONG-WB|0.255|0.250|0.250|-0.005|-1.96|6
7164|KNM|0.115|0.115|0.125|+0.010|+8.70|521,329
7164WB|KNM-WB|0.020|0.020|0.020|0.000|0.00|5,681
5035|KNUSFOR|0.470|0.000|0.000|0.000|0.00|0
6971|KOBAY|1.350|1.360|1.390|+0.040|+2.96|50
7017|KOMARK|0.210|0.210|0.225|+0.015|+7.14|28,003
7017WB|KOMARK-WB|0.025|0.030|0.030|+0.005|+20.00|5,408
7153|KOSSAN|3.620|3.640|3.690|+0.070|+1.93|9,482
7153CY|KOSSAN-CY|0.005|0.000|0.000|0.000|0.00|0
7153CZ|KOSSAN-CZ|0.150|0.000|0.000|0.000|0.00|0
0002|KOTRA|1.730|0.000|0.000|0.000|0.00|0
5878|KPJ|1.020|1.030|1.040|+0.020|+1.96|756,291
5878CR|KPJ-CR|0.020|0.000|0.000|0.000|0.00|0
5878CS|KPJ-CS|0.030|0.000|0.000|0.000|0.00|0
7130|KPOWER|0.350|0.370|0.340|-0.010|-2.86|555
5843|KPS|1.420|1.420|1.430|+0.010|+0.70|6,700
9121|KPSCB|0.495|0.490|0.485|-0.010|-2.02|260
1996|KRETAM|0.400|0.400|0.400|0.000|0.00|3,561
0176|KRONO|0.605|0.605|0.605|0.000|0.00|17,784
3476|KSENG|4.750|4.730|4.750|0.000|0.00|1,388
5038|KSL|0.915|0.915|0.915|0.000|0.00|1,493
5192|KSSC|0.480|0.480|0.480|0.000|0.00|10,781
5172|KSTAR|0.095|0.000|0.000|0.000|0.00|0
5172WA|KSTAR-WA|0.005|0.005|0.005|0.000|0.00|5
4847|KTB|0.070|0.000|0.000|0.000|0.00|0
0180|KTC|0.185|0.180|0.180|-0.005|-2.70|16,190
6874|KUB|0.405|0.410|0.415|+0.010|+2.47|26,909
2186|KUCHAI|1.590|1.590|1.600|+0.010|+0.63|388
6572|KWANTAS|0.810|0.820|0.820|+0.010|+1.23|100
8362|KYM|0.320|0.000|0.000|0.000|0.00|0
3174|L&G|0.150|0.150|0.155|+0.005|+3.33|15,572
3794|LAFMSIA|2.250|2.250|2.190|-0.060|-2.67|7,677
0018|LAMBO|0.150|0.145|0.150|0.000|0.00|23,202
1643|LANDMRK|0.480|0.480|0.460|-0.020|-4.17|447
7006|LATITUD|4.050|4.000|4.050|0.000|0.00|420
9385|LAYHONG|0.455|0.460|0.460|+0.005|+1.10|114,355
9385WA|LAYHONG-WA|0.200|0.210|0.205|+0.005|+2.50|48,446
9326|LBALUM|0.490|0.485|0.500|+0.010|+2.04|2,156
8494|LBICAP|0.850|0.855|0.860|+0.010|+1.18|95
5789|LBS|0.655|0.660|0.655|0.000|0.00|2,950
5789PA|LBS-PA|0.840|0.000|0.000|0.000|0.00|0
5789WB|LBS-WB|0.250|0.000|0.000|0.000|0.00|0
5284|LCTITAN|4.280|4.320|4.290|+0.010|+0.23|4,281
9628|LEBTECH|0.855|0.000|0.000|0.000|0.00|0
8079|LEESK|0.930|0.935|0.935|+0.005|+0.54|97
5232|LEONFB|0.500|0.500|0.510|+0.010|+2.00|163
8745|LEWEKO|0.140|0.000|0.000|0.000|0.00|0
8745WB|LEWEKO-WB|0.055|0.000|0.000|0.000|0.00|0
7170|LFECORP|0.110|0.110|0.110|0.000|0.00|240
3573|LIENHOE|0.275|0.270|0.280|+0.005|+1.82|5,318
7089|LIIHEN|2.740|2.700|2.720|-0.020|-0.73|518
8486|LIONFIB|0.460|0.460|0.480|+0.020|+4.35|120
4235|LIONIND|0.550|0.550|0.545|-0.005|-0.91|49,595
6645|LITRAK|4.400|4.490|4.400|0.000|0.00|21
0182|LKL|0.110|0.110|0.125|+0.015|+13.64|36,705
7126|LONBISC|0.420|0.415|0.415|-0.005|-1.19|26,870
7126WA|LONBISC-WA|0.040|0.040|0.040|0.000|0.00|2,727
8621|LPI|16.000|16.000|16.080|+0.080|+0.50|164
9881|LSTEEL|0.285|0.290|0.290|+0.005|+1.75|480
7085|LTKM|1.250|1.270|1.270|+0.020|+1.60|662
5068|LUSTER|0.080|0.080|0.080|0.000|0.00|9,023
5068WA|LUSTER-WA|0.030|0.030|0.030|0.000|0.00|800
5068WB|LUSTER-WB|0.035|0.035|0.035|0.000|0.00|3,400
5143|LUXCHEM|0.535|0.535|0.540|+0.005|+0.93|1,592
0075|LYC|0.345|0.325|0.335|-0.010|-2.90|1,545
9199|LYSAGHT|2.650|2.600|2.600|-0.050|-1.89|20
5078|M&G|0.095|0.090|0.100|+0.005|+5.26|14,690
0017|M3TECH|0.050|0.045|0.050|0.000|0.00|25,261
0017WA|M3TECH-WA|0.005|0.000|0.000|0.000|0.00|0
1198|MAA|1.020|1.020|1.020|0.000|0.00|6,602
7617|MAGNA|0.930|0.000|0.000|0.000|0.00|0
7617WB|MAGNA-WB|0.190|0.000|0.000|0.000|0.00|0
7087|MAGNI|4.560|4.560|4.600|+0.040|+0.88|1,113
3859|MAGNUM|2.460|2.460|2.390|-0.070|-2.85|170,711
8583|MAHSING|0.925|0.925|0.925|0.000|0.00|5,361
858317|MAHSING-C17|0.040|0.000|0.000|0.000|0.00|0
858318|MAHSING-C18|0.030|0.000|0.000|0.000|0.00|0
858319|MAHSING-C19|0.030|0.000|0.000|0.000|0.00|0
8583WC|MAHSING-WC|0.015|0.015|0.015|0.000|0.00|1,730
5264|MALAKOF|0.905|0.905|0.900|-0.005|-0.55|6,309
526412|MALAKOFC12|0.005|0.000|0.000|0.000|0.00|0
526413|MALAKOFC13|0.005|0.000|0.000|0.000|0.00|0
526414|MALAKOFC14|0.005|0.000|0.000|0.000|0.00|0
526415|MALAKOFC15|0.025|0.000|0.000|0.000|0.00|0
526416|MALAKOFC16|0.010|0.005|0.005|-0.005|-50.00|2,000
526417|MALAKOFC17|0.090|0.000|0.000|0.000|0.00|0
526418|MALAKOFC18|0.045|0.045|0.045|0.000|0.00|6,000
526419|MALAKOFC19|0.115|0.000|0.000|0.000|0.00|0
526420|MALAKOFC20|0.085|0.000|0.000|0.000|0.00|0
526421|MALAKOFC21|0.065|0.000|0.000|0.000|0.00|0
4936|MALPAC|0.850|0.000|0.000|0.000|0.00|0
6181|MALTON|0.525|0.525|0.535|+0.010|+1.90|38,607
1058|MANULFE|2.550|0.000|0.000|0.000|0.00|0
3514|MARCO|0.125|0.125|0.125|0.000|0.00|350
5098|MASTEEL|0.490|0.495|0.485|-0.005|-1.02|24,145
7029|MASTER|0.760|0.770|0.840|+0.080|+10.53|46,725
0189|MATANG|0.070|0.070|0.070|0.000|0.00|12,900
5236|MATRIX|1.950|1.960|1.960|+0.010|+0.51|1,969
5236WA|MATRIX-WA|0.120|0.125|0.130|+0.010|+8.33|2,732
6012|MAXIS|5.290|5.290|5.240|-0.050|-0.95|58,260
601210|MAXIS-C10|0.055|0.060|0.055|0.000|0.00|2,509
6012C8|MAXIS-C8|0.065|0.000|0.000|0.000|0.00|0
6012C9|MAXIS-C9|0.045|0.000|0.000|0.000|0.00|0
5189|MAXWELL|0.010|0.000|0.000|0.000|0.00|0
5189WA|MAXWELL-WA|0.005|0.000|0.000|0.000|0.00|0
1155|MAYBANK|9.490|9.540|9.470|-0.020|-0.21|124,062
115543|MAYBANKC43|0.080|0.000|0.000|0.000|0.00|0
115544|MAYBANKC44|0.005|0.000|0.000|0.000|0.00|0
115545|MAYBANKC45|0.020|0.000|0.000|0.000|0.00|0
115546|MAYBANKC46|0.010|0.000|0.000|0.000|0.00|0
115547|MAYBANKC47|0.035|0.000|0.000|0.000|0.00|0
115548|MAYBANKC48|0.030|0.000|0.000|0.000|0.00|0
115549|MAYBANKC49|0.105|0.105|0.105|0.000|0.00|150
115550|MAYBANKC50|0.105|0.000|0.000|0.000|0.00|0
115551|MAYBANKC51|0.100|0.000|0.000|0.000|0.00|0
115552|MAYBANKC52|0.050|0.045|0.045|-0.005|-10.00|8,351
115553|MAYBANKC53|0.150|0.000|0.000|0.000|0.00|0
5077|MAYBULK|0.590|0.585|0.585|-0.005|-0.85|6,548
5886|MBG|0.800|0.000|0.000|0.000|0.00|0
5152|MBL|1.170|1.180|1.170|0.000|0.00|1,389
5152WA|MBL-WA|0.380|0.380|0.380|0.000|0.00|791
5983|MBMR|2.810|2.840|2.850|+0.040|+1.42|3,220
1171|MBSB|0.975|0.975|0.985|+0.010|+1.03|44,371
117115|MBSB-C15|0.010|0.000|0.000|0.000|0.00|0
117116|MBSB-C16|0.060|0.000|0.000|0.000|0.00|0
117117|MBSB-C17|0.040|0.040|0.035|-0.005|-12.50|6,804
117118|MBSB-C18|0.055|0.000|0.000|0.000|0.00|0
117119|MBSB-C19|0.045|0.000|0.000|0.000|0.00|0
117120|MBSB-C20|0.025|0.000|0.000|0.000|0.00|0
117121|MBSB-C21|0.150|0.000|0.000|0.000|0.00|0
7189|MBWORLD|1.630|0.000|0.000|0.000|0.00|0
7004|MCEHLDG|0.620|0.605|0.620|0.000|0.00|291
0167|MCLEAN|0.090|0.000|0.000|0.000|0.00|0
0167WB|MCLEAN-WB|0.015|0.000|0.000|0.000|0.00|0
5182|MCT|0.660|0.625|0.660|0.000|0.00|637
5040|MEDAINC|0.300|0.295|0.300|0.000|0.00|6,510
5040WA|MEDAINC-WA|0.095|0.000|0.000|0.000|0.00|0
5040WB|MEDAINC-WB|0.025|0.000|0.000|0.000|0.00|0
5040WC|MEDAINC-WC|0.020|0.025|0.025|+0.005|+25.00|2,000
4502|MEDIA|0.535|0.540|0.575|+0.040|+7.48|90,654
5090|MEDIAC|0.225|0.230|0.235|+0.010|+4.44|64,414
0081|MEGASUN|0.135|0.135|0.140|+0.005|+3.70|210
0081WA|MEGASUN-WA|0.020|0.025|0.020|0.000|0.00|202
5129|MELATI|0.460|0.460|0.460|0.000|0.00|70
3778|MELEWAR|0.145|0.145|0.155|+0.010|+6.90|22,078
3778WB|MELEWAR-WB|0.050|0.050|0.055|+0.005|+10.00|2,009
1694|MENANG|0.395|0.390|0.390|-0.005|-1.27|1,953
1694WB|MENANG-WB|0.010|0.005|0.005|-0.005|-50.00|4,428
0577C2|MENGNIU-C2|0.180|0.000|0.000|0.000|0.00|0
5223|MENTIGA|0.570|0.570|0.570|0.000|0.00|36
8192|MERCURY|0.805|0.805|0.805|0.000|0.00|150
5006|MERGE|1.410|1.410|1.430|+0.020|+1.42|332
7234|MESB|0.305|0.000|0.000|0.000|0.00|0
7234WA|MESB-WA|0.105|0.000|0.000|0.000|0.00|0
0826EA|METFAPA|1.040|0.000|0.000|0.000|0.00|0
0825EA|METFSID|0.806|0.000|0.000|0.000|0.00|0
0827EA|METFUS50|1.065|0.000|0.000|0.000|0.00|0
6149|METROD|1.700|0.000|0.000|0.000|0.00|0
3069|MFCB|3.920|3.900|3.900|-0.020|-0.51|1,170
3069WA|MFCB-WA|1.730|1.680|1.720|-0.010|-0.58|1,540
03015|MFGROUP|0.220|0.000|0.000|0.000|0.00|0
3662|MFLOUR|0.760|0.750|0.745|-0.015|-1.97|107,588
3662LA|MFLOUR-LA|1.480|1.480|1.450|-0.030|-2.03|3,065
3662WC|MFLOUR-WC|0.400|0.405|0.385|-0.015|-3.75|78,387
7595|MGB|0.750|0.750|0.720|-0.030|-4.00|4,291
7595WA|MGB-WA|0.240|0.245|0.240|0.000|0.00|2,150
0155|MGRC|0.300|0.000|0.000|0.000|0.00|0
5186|MHB|0.855|0.855|0.840|-0.015|-1.75|6,933
518613|MHB-C13|0.020|0.000|0.000|0.000|0.00|0
5026|MHC|0.625|0.595|0.595|-0.030|-4.80|100
03005|MHCARE|0.520|0.000|0.000|0.000|0.00|0
5286|MI|2.220|2.200|2.190|-0.030|-1.35|3,051
5286CA|MI-CA|0.090|0.000|0.000|0.000|0.00|0
5286CB|MI-CB|0.035|0.000|0.000|0.000|0.00|0
5286CC|MI-CC|0.055|0.000|0.000|0.000|0.00|0
5286CD|MI-CD|0.135|0.000|0.000|0.000|0.00|0
5286CE|MI-CE|0.150|0.000|0.000|0.000|0.00|0
5286CF|MI-CF|0.125|0.000|0.000|0.000|0.00|0
0126|MICROLN|0.420|0.000|0.000|0.000|0.00|0
5001|MIECO|0.285|0.285|0.290|+0.005|+1.75|19,792
0112|MIKROMB|0.250|0.250|0.255|+0.005|+2.00|1,614
7935|MILUX|0.680|0.000|0.000|0.000|0.00|0
5166|MINDA|0.050|0.050|0.050|0.000|0.00|5,177
7219|MINETEC|0.055|0.050|0.055|0.000|0.00|650
7219WA|MINETEC-WA|0.005|0.000|0.000|0.000|0.00|0
5576|MINHO|0.305|0.300|0.315|+0.010|+3.28|11,092
5576WC|MINHO-WC|0.065|0.065|0.070|+0.005|+7.69|1,876
3816|MISC|6.740|6.670|6.800|+0.060|+0.89|13,532
381619|MISC-C19|0.160|0.175|0.165|+0.005|+3.13|504
381620|MISC-C20|0.095|0.000|0.000|0.000|0.00|0
381621|MISC-C21|0.160|0.000|0.000|0.000|0.00|0
9571|MITRA|0.415|0.415|0.410|-0.005|-1.20|53,299
9571WD|MITRA-WD|0.050|0.045|0.045|-0.005|-10.00|4,400
9571WE|MITRA-WE|0.100|0.095|0.110|+0.010|+10.00|1,164
8141|MJPERAK|0.205|0.205|0.200|-0.005|-2.44|2,291
6114|MKH|1.310|1.300|1.290|-0.020|-1.53|1,091
8893|MKLAND|0.195|0.195|0.190|-0.005|-2.56|8,922
0085|MLAB|0.040|0.040|0.045|+0.005|+12.50|9,521
0085WA|MLAB-WA|0.010|0.010|0.010|0.000|0.00|3,000
0085WB|MLAB-WB|0.005|0.010|0.010|+0.005|+100.00|500
0034|MMAG|0.225|0.225|0.225|0.000|0.00|210
0034PA|MMAG-PA|0.090|0.090|0.090|0.000|0.00|2,700
0034WB|MMAG-WB|0.060|0.060|0.060|0.000|0.00|3,000
2194|MMCCORP|1.120|1.120|1.070|-0.050|-4.46|364,875
0113|MMSV|0.940|0.940|0.950|+0.010|+1.06|373
0103|MNC|0.035|0.040|0.045|+0.010|+28.57|8,433
0103WA|MNC-WA|0.005|0.000|0.000|0.000|0.00|0
6459|MNRB|1.010|1.010|1.040|+0.030|+2.97|22,044
0156|MPAY|0.125|0.120|0.125|0.000|0.00|17,682
6548|MPCORP|0.045|0.000|0.000|0.000|0.00|0
5237|MPHBCAP|1.070|1.070|1.070|0.000|0.00|909
3867|MPI|9.830|9.950|10.400|+0.570|+5.80|1,735
5123|MQREIT|1.080|1.080|1.080|0.000|0.00|480
0070|MQTECH|0.030|0.030|0.030|0.000|0.00|7,110
0070WA|MQTECH-WA|0.010|0.000|0.000|0.000|0.00|0
1651|MRCB|0.820|0.820|0.815|-0.005|-0.61|38,442
165134|MRCB-C34|0.005|0.000|0.000|0.000|0.00|0
165135|MRCB-C35|0.005|0.000|0.000|0.000|0.00|0
165136|MRCB-C36|0.055|0.000|0.000|0.000|0.00|0
165137|MRCB-C37|0.085|0.085|0.085|0.000|0.00|200
165138|MRCB-C38|0.065|0.065|0.065|0.000|0.00|14,000
165139|MRCB-C39|0.130|0.130|0.130|0.000|0.00|5,000
165140|MRCB-C40|0.180|0.000|0.000|0.000|0.00|0
165141|MRCB-C41|0.140|0.000|0.000|0.000|0.00|0
165142|MRCB-C42|0.060|0.000|0.000|0.000|0.00|0
165143|MRCB-C43|0.095|0.090|0.090|-0.005|-5.26|16,500
1651WB|MRCB-WB|0.230|0.230|0.230|0.000|0.00|2,574
5916|MSC|0.905|0.900|0.915|+0.010|+1.10|820
5202|MSM|1.950|1.950|1.890|-0.060|-3.08|1,059
5011|MSNIAGA|1.580|1.550|1.530|-0.050|-3.16|227
5150|MSPORTS|0.010|0.000|0.000|0.000|0.00|0
5924|MTDACPI|0.165|0.165|0.170|+0.005|+3.03|90
0092|MTOUCHE|0.060|0.055|0.060|0.000|0.00|520
0092WB|MTOUCHE-WB|0.010|0.000|0.000|0.000|0.00|0
0092WC|MTOUCHE-WC|0.015|0.000|0.000|0.000|0.00|0
0043|MTRONIC|0.075|0.075|0.080|+0.005|+6.67|162,431
3883|MUDA|1.860|1.860|1.880|+0.020|+1.08|3,187
5085|MUDAJYA|0.330|0.330|0.330|0.000|0.00|2,879
9539|MUH|0.520|0.000|0.000|0.000|0.00|0
5703|MUHIBAH|2.910|2.950|2.950|+0.040|+1.37|14,697
3891|MUIIND|0.170|0.170|0.170|0.000|0.00|17,985
3913|MUIPROP|0.175|0.170|0.175|0.000|0.00|15,593
3905|MULPHA|2.440|2.430|2.430|-0.010|-0.41|1,637
5087|MYCRON|0.310|0.315|0.320|+0.010|+3.23|4,689
5087WA|MYCRON-WA|0.080|0.000|0.000|0.000|0.00|0
0138|MYEG|1.280|1.280|1.290|+0.010|+0.78|432,542
013844|MYEG-C44|0.150|0.135|0.150|0.000|0.00|21,892
013846|MYEG-C46|0.020|0.000|0.000|0.000|0.00|0
013847|MYEG-C47|0.010|0.010|0.010|0.000|0.00|100
013848|MYEG-C48|0.010|0.000|0.000|0.000|0.00|0
013849|MYEG-C49|0.005|0.000|0.000|0.000|0.00|0
013850|MYEG-C50|0.025|0.000|0.000|0.000|0.00|0
013851|MYEG-C51|0.010|0.000|0.000|0.000|0.00|0
013852|MYEG-C52|0.005|0.000|0.000|0.000|0.00|0
013853|MYEG-C53|0.030|0.000|0.000|0.000|0.00|0
013854|MYEG-C54|0.010|0.000|0.000|0.000|0.00|0
013855|MYEG-C55|0.110|0.110|0.110|0.000|0.00|56,440
013856|MYEG-C56|0.365|0.340|0.360|-0.005|-1.37|676
013857|MYEG-C57|0.195|0.185|0.190|-0.005|-2.56|11,344
013858|MYEG-C58|0.120|0.115|0.115|-0.005|-4.17|37,920
013859|MYEG-C59|0.185|0.180|0.180|-0.005|-2.70|38,363
013860|MYEG-C60|0.210|0.200|0.200|-0.010|-4.76|4
013861|MYEG-C61|0.125|0.120|0.125|0.000|0.00|44,160
013862|MYEG-C62|0.170|0.155|0.165|-0.005|-2.94|5,760
013863|MYEG-C63|0.145|0.140|0.145|0.000|0.00|65,650
0821EA|MYETFDJ|1.090|1.090|1.090|0.000|0.00|20
0824EA|MYETFID|1.110|1.100|1.110|0.000|0.00|710
03010|MYKRIS|0.300|0.000|0.000|0.000|0.00|0
5275|MYNEWS|1.350|1.360|1.380|+0.030|+2.22|78
0041|MYSCM|0.235|0.235|0.255|+0.020|+8.51|4,966
0108|N2N|0.885|0.885|0.880|-0.005|-0.56|3,014
0108WB|N2N-WB|0.260|0.260|0.260|0.000|0.00|1,497
0206|NADIBHD|0.260|0.265|0.265|+0.005|+1.92|7,391
5073|NAIM|1.290|1.300|1.270|-0.020|-1.55|98,641
9806|NATWIDE|0.280|0.270|0.270|-0.010|-3.57|330
4707|NESTLE|148.000|147.400|148.700|+0.700|+0.47|1,744
4707CE|NESTLE-CE|0.050|0.000|0.000|0.000|0.00|0
0020|NETX|0.015|0.015|0.010|-0.005|-33.33|24,873
0020WB|NETX-WB|0.005|0.000|0.000|0.000|0.00|0
0096|NEXGRAM|0.020|0.015|0.020|0.000|0.00|5,290
0096WA|NEXGRAM-WA|0.005|0.010|0.010|+0.005|+100.00|50
0096WB|NEXGRAM-WB|0.005|0.005|0.010|+0.005|+100.00|290
0096WC|NEXGRAM-WC|0.005|0.010|0.010|+0.005|+100.00|50
7241|NGGB|0.490|0.485|0.485|-0.005|-1.02|7,018
7241WA|NGGB-WA|0.190|0.190|0.185|-0.005|-2.63|10,960
7060|NHFATT|2.700|0.000|0.000|0.000|0.00|0
7139|NICE|0.040|0.000|0.000|0.000|0.00|0
7139WB|NICE-WB|0.015|0.000|0.000|0.000|0.00|0
7215|NIHSIN|0.300|0.305|0.305|+0.005|+1.67|18,061
0083|NOTION|0.585|0.585|0.590|+0.005|+0.85|7,545
0083WC|NOTION-WC|0.260|0.260|0.270|+0.010|+3.85|200
0201|NOVA|0.485|0.000|0.000|0.000|0.00|0
0026|NOVAMSC|0.125|0.125|0.125|0.000|0.00|104,765
5047|NPC|2.000|0.000|0.000|0.000|0.00|0
03006|NPS|0.280|0.310|0.310|+0.030|+10.71|50
2038|NSOP|3.280|3.260|3.250|-0.030|-0.91|22
5066|NTPM|0.485|0.500|0.500|+0.015|+3.09|4,994
5025|NWP|0.065|0.070|0.075|+0.010|+15.38|8,450
4944|NYLEX|0.665|0.655|0.665|0.000|0.00|208
5533|OCB|0.450|0.000|0.000|0.000|0.00|0
0172|OCK|0.580|0.590|0.610|+0.030|+5.17|363,473
0172WA|OCK-WA|0.100|0.105|0.120|+0.020|+20.00|181,855
0049|OCNCASH|0.460|0.460|0.460|0.000|0.00|1,683
7071|OCR|0.255|0.255|0.260|+0.005|+1.96|21,013
7071PA|OCR-PA|0.025|0.025|0.020|-0.005|-20.00|17,305
7071WC|OCR-WC|0.035|0.030|0.030|-0.005|-14.29|180
7071WD|OCR-WD|0.065|0.070|0.070|+0.005|+7.69|7,066
7107|OFI|0.825|0.825|0.815|-0.010|-1.21|6,589
5827|OIB|2.030|0.000|0.000|0.000|0.00|0
7140|OKA|0.680|0.685|0.685|+0.005|+0.74|4,085
3018|OLYMPIA|0.115|0.110|0.110|-0.005|-4.35|18,990
9008|OMESTI|0.390|0.385|0.395|+0.005|+1.28|2,180
0035|OPCOM|0.655|0.660|0.670|+0.015|+2.29|16,781
0040|OPENSYS|0.335|0.335|0.340|+0.005|+1.49|4,779
4006|ORIENT|6.800|6.820|6.780|-0.020|-0.29|324
0079|ORION|0.180|0.185|0.190|+0.010|+5.56|442,536
0079WA|ORION-WA|0.085|0.090|0.090|+0.005|+5.88|92,052
5065|ORNA|1.050|1.050|1.050|0.000|0.00|1,063
5053|OSK|0.955|0.960|0.965|+0.010|+1.05|1,139
5053WC|OSK-WC|0.045|0.040|0.040|-0.005|-11.11|6,843
0053|OSKVI|0.470|0.470|0.470|0.000|0.00|147
0153|OVERSEA|0.115|0.000|0.000|0.000|0.00|0
5260|OWG|0.650|0.650|0.640|-0.010|-1.54|1,585
5260WA|OWG-WA|0.190|0.190|0.190|0.000|0.00|4,370
6009|P&O|1.000|0.000|0.000|0.000|0.00|0
7225|PA|0.055|0.060|0.055|0.000|0.00|44,933
7225WB|PA-WB|0.040|0.035|0.040|0.000|0.00|1,061
7052|PADINI|3.570|3.570|3.670|+0.100|+2.80|10,792
7052CV|PADINI-CV|0.005|0.000|0.000|0.000|0.00|0
7052CW|PADINI-CW|0.005|0.000|0.000|0.000|0.00|0
7052CX|PADINI-CX|0.105|0.000|0.000|0.000|0.00|0
7052CY|PADINI-CY|0.070|0.075|0.075|+0.005|+7.14|1,356
7052CZ|PADINI-CZ|0.125|0.000|0.000|0.000|0.00|0
3719|PANAMY|37.980|37.980|38.000|+0.020|+0.05|1,322
8419|PANSAR|0.800|0.805|0.815|+0.015|+1.88|7,219
8419WA|PANSAR-WA|0.310|0.315|0.315|+0.005|+1.61|10,925
5125|PANTECH|0.595|0.590|0.580|-0.015|-2.52|6,093
5125WA|PANTECH-WA|0.135|0.130|0.130|-0.005|-3.70|700
5125WB|PANTECH-WB|0.145|0.145|0.145|0.000|0.00|491
5022|PAOS|0.360|0.370|0.340|-0.020|-5.56|2,902
5022WA|PAOS-WA|0.060|0.060|0.060|0.000|0.00|500
9407|PARAGON|0.280|0.295|0.300|+0.020|+7.14|449
1724|PARAMON|2.140|2.150|2.140|0.000|0.00|192
5657|PARKSON|0.285|0.290|0.285|0.000|0.00|41,293
0022|PARLO|0.075|0.080|0.095|+0.020|+26.67|13,161
6912|PASDEC|0.385|0.385|0.385|0.000|0.00|150
6912WA|PASDEC-WA|0.065|0.065|0.065|0.000|0.00|1,000
0177|PASUKGB|0.050|0.000|0.000|0.000|0.00|0
5212|PAVREIT|1.740|1.730|1.730|-0.010|-0.57|1,111
5041|PBA|1.150|1.170|1.150|0.000|0.00|265
1295|PBBANK|24.440|24.440|24.480|+0.040|+0.16|53,567
129526|PBBANK-C26|0.050|0.000|0.000|0.000|0.00|0
129527|PBBANK-C27|0.030|0.000|0.000|0.000|0.00|0
129528|PBBANK-C28|0.105|0.000|0.000|0.000|0.00|0
129529|PBBANK-C29|0.160|0.155|0.155|-0.005|-3.13|100
129530|PBBANK-C30|0.110|0.000|0.000|0.000|0.00|0
129531|PBBANK-C31|0.160|0.000|0.000|0.000|0.00|0
6068|PCCS|0.380|0.385|0.405|+0.025|+6.58|180,356
6068WA|PCCS-WA|0.100|0.100|0.115|+0.015|+15.00|37,759
5183|PCHEM|9.250|9.190|9.250|0.000|0.00|45,368
518322|PCHEM-C22|0.030|0.000|0.000|0.000|0.00|0
518323|PCHEM-C23|0.015|0.000|0.000|0.000|0.00|0
518324|PCHEM-C24|0.015|0.000|0.000|0.000|0.00|0
518325|PCHEM-C25|0.065|0.000|0.000|0.000|0.00|0
518326|PCHEM-C26|0.125|0.000|0.000|0.000|0.00|0
518327|PCHEM-C27|0.160|0.000|0.000|0.000|0.00|0
518328|PCHEM-C28|0.150|0.000|0.000|0.000|0.00|0
518329|PCHEM-C29|0.155|0.000|0.000|0.000|0.00|0
518330|PCHEM-C30|0.180|0.000|0.000|0.000|0.00|0
518331|PCHEM-C31|0.105|0.105|0.100|-0.005|-4.76|4
6254|PDZ|0.035|0.035|0.040|+0.005|+14.29|3,292
6254WB|PDZ-WB|0.010|0.015|0.015|+0.005|+50.00|1
5622|PEB|0.850|0.900|0.900|+0.050|+5.88|3
5271|PECCA|1.120|1.120|1.080|-0.040|-3.57|4,570
5231|PELIKAN|0.340|0.340|0.390|+0.050|+14.71|8,563
5133|PENERGY|1.150|1.150|1.150|0.000|0.00|5,652
9997|PENSONI|0.405|0.395|0.405|0.000|0.00|1,515
9997WB|PENSONI-WB|0.115|0.105|0.115|0.000|0.00|1,001
7160|PENTA|3.400|3.390|3.400|0.000|0.00|9,132
7108|PERDANA|0.480|0.480|0.470|-0.010|-2.08|660,932
0047|PERISAI|0.005|0.000|0.000|0.000|0.00|0
7080|PERMAJU|0.425|0.425|0.425|0.000|0.00|146,640
5436|PERSTIM|4.850|4.850|4.840|-0.010|-0.21|18
8311|PESONA|0.230|0.260|0.250|+0.020|+8.70|212,350
8311WC|PESONA-WC|0.050|0.065|0.055|+0.005|+10.00|52,343
5219|PESTECH|1.130|1.110|1.130|0.000|0.00|1,904
5219CF|PESTECH-CF|0.005|0.000|0.000|0.000|0.00|0
5681|PETDAG|25.120|25.020|24.800|-0.320|-1.27|9,947
5681CW|PETDAG-CW|0.005|0.000|0.000|0.000|0.00|0
5681CX|PETDAG-CX|0.065|0.000|0.000|0.000|0.00|0
6033|PETGAS|17.680|17.700|17.700|+0.020|+0.11|16,143
6033CR|PETGAS-CR|0.010|0.000|0.000|0.000|0.00|0
6033CS|PETGAS-CS|0.020|0.000|0.000|0.000|0.00|0
3042|PETRONM|6.700|6.650|6.700|0.000|0.00|242
3042CS|PETRONM-CS|0.035|0.000|0.000|0.000|0.00|0
3611|PGLOBE|1.100|0.000|0.000|0.000|0.00|0
3611WA|PGLOBE-WA|0.070|0.000|0.000|0.000|0.00|0
7081|PHARMA|2.350|2.360|2.340|-0.010|-0.43|616
4464|PHB|0.020|0.020|0.020|0.000|0.00|8,412
7201|PICORP|0.130|0.130|0.130|0.000|0.00|2,377
7095|PIE|1.600|1.600|1.620|+0.020|+1.25|2,183
0006|PINEAPP|0.290|0.290|0.290|0.000|0.00|89
1902|PINEPAC|0.310|0.320|0.335|+0.025|+8.06|1,950
0527C2|PINGAN-C2|0.085|0.000|0.000|0.000|0.00|0
0527C3|PINGAN-C3|0.420|0.440|0.440|+0.020|+4.76|3,957
7163|PJBUMI|0.320|0.000|0.000|0.000|0.00|0
7163WA|PJBUMI-WA|0.050|0.000|0.000|0.000|0.00|0
0171|PLABS|0.290|0.305|0.285|-0.005|-1.72|390
7055|PLB|1.130|0.000|0.000|0.000|0.00|0
5075|PLENITU|1.520|1.510|1.500|-0.020|-1.32|965
9695|PLS|0.950|0.950|0.970|+0.020|+2.11|4,453
7172|PMBTECH|3.190|3.190|3.250|+0.060|+1.88|894
7172LA|PMBTECH-LA|3.210|0.000|0.000|0.000|0.00|0
7172WA|PMBTECH-WA|1.500|1.450|1.560|+0.060|+4.00|278
4081|PMCORP|0.140|0.140|0.150|+0.010|+7.14|14,160
8869|PMETAL|4.520|4.500|4.600|+0.080|+1.77|30,902
886915|PMETAL-C15|0.065|0.000|0.000|0.000|0.00|0
886916|PMETAL-C16|0.005|0.000|0.000|0.000|0.00|0
886917|PMETAL-C17|0.010|0.015|0.015|+0.005|+50.00|692
886918|PMETAL-C18|0.120|0.000|0.000|0.000|0.00|0
886919|PMETAL-C19|0.070|0.000|0.000|0.000|0.00|0
886920|PMETAL-C20|0.030|0.000|0.000|0.000|0.00|0
886921|PMETAL-C21|0.040|0.000|0.000|0.000|0.00|0
886922|PMETAL-C22|0.035|0.000|0.000|0.000|0.00|0
886923|PMETAL-C23|0.180|0.000|0.000|0.000|0.00|0
886924|PMETAL-C24|0.085|0.000|0.000|0.000|0.00|0
886925|PMETAL-C25|0.165|0.000|0.000|0.000|0.00|0
886926|PMETAL-C26|0.130|0.135|0.140|+0.010|+7.69|5,200
886927|PMETAL-C27|0.130|0.135|0.140|+0.010|+7.69|12
8869WC|PMETAL-WC|4.080|4.080|4.150|+0.070|+1.72|310
1287|PMHLDG|0.045|0.045|0.040|-0.005|-11.11|186,214
6637|PNEPCB|0.540|0.480|0.480|-0.060|-11.11|1
5080|POHKONG|0.480|0.515|0.500|+0.020|+4.17|8,893
7088|POHUAT|1.590|1.590|1.600|+0.010|+0.63|1,148
7088WB|POHUAT-WB|0.590|0.590|0.590|0.000|0.00|515
8117|POLY|0.445|0.000|0.000|0.000|0.00|0
03007|POLYMER|0.170|0.000|0.000|0.000|0.00|0
4634|POS|1.930|1.930|1.950|+0.020|+1.04|8,927
463421|POS-C21|0.005|0.000|0.000|0.000|0.00|0
463422|POS-C22|0.005|0.000|0.000|0.000|0.00|0
463423|POS-C23|0.005|0.000|0.000|0.000|0.00|0
463424|POS-C24|0.005|0.000|0.000|0.000|0.00|0
463425|POS-C25|0.005|0.000|0.000|0.000|0.00|0
463426|POS-C26|0.005|0.000|0.000|0.000|0.00|0
463427|POS-C27|0.010|0.000|0.000|0.000|0.00|0
463428|POS-C28|0.005|0.000|0.000|0.000|0.00|0
463429|POS-C29|0.035|0.000|0.000|0.000|0.00|0
463430|POS-C30|0.055|0.000|0.000|0.000|0.00|0
463431|POS-C31|0.085|0.090|0.090|+0.005|+5.88|10,588
463432|POS-C32|0.045|0.000|0.000|0.000|0.00|0
463433|POS-C33|0.135|0.140|0.140|+0.005|+3.70|500
463434|POS-C34|0.100|0.100|0.100|0.000|0.00|8,994
4065|PPB|18.140|18.120|18.240|+0.100|+0.55|10,752
4065CJ|PPB-CJ|0.115|0.000|0.000|0.000|0.00|0
7190|PPG|0.410|0.000|0.000|0.000|0.00|0
8273|PPHB|0.600|0.605|0.605|+0.005|+0.83|3,825
5204|PRESBHD|0.585|0.585|0.575|-0.010|-1.71|142,593
9873|PRESTAR|0.675|0.695|0.690|+0.015|+2.22|8,062
7168|PRG|0.745|0.740|0.735|-0.010|-1.34|4,347
7168WA|PRG-WA|0.380|0.000|0.000|0.000|0.00|0
0123|PRIVA|0.065|0.065|0.070|+0.005|+7.69|380
8346|PRKCORP|0.420|0.000|0.000|0.000|0.00|0
8966|PRLEXUS|0.620|0.600|0.605|-0.015|-2.42|711
8966WA|PRLEXUS-WA|0.095|0.095|0.095|0.000|0.00|318
5070|PRTASCO|0.250|0.255|0.275|+0.025|+10.00|114,635
5070WA|PRTASCO-WA|0.060|0.060|0.065|+0.005|+8.33|7,726
7145|PSIPTEK|0.135|0.140|0.130|-0.005|-3.70|6,279
7145WA|PSIPTEK-WA|0.040|0.035|0.035|-0.005|-12.50|1,012
9598|PTARAS|2.180|2.160|2.200|+0.020|+0.92|345
0038|PTB|0.150|0.000|0.000|0.000|0.00|0
0186|PTRANS|0.240|0.240|0.235|-0.005|-2.08|20,386
0186WA|PTRANS-WA|0.060|0.060|0.060|0.000|0.00|17,617
0007|PUC|0.105|0.110|0.110|+0.005|+4.76|352,445
0007WA|PUC-WA|0.070|0.075|0.080|+0.010|+14.29|14,186
6807|PUNCAK|0.410|0.410|0.395|-0.015|-3.66|3,962
7134|PWF|0.845|0.810|0.830|-0.015|-1.78|140
7134WA|PWF-WA|0.390|0.000|0.000|0.000|0.00|0
7123|PWORTH|0.045|0.060|0.055|+0.010|+22.22|1,330,172
7237|PWROOT|1.360|1.370|1.350|-0.010|-0.74|765
7237WA|PWROOT-WA|0.270|0.270|0.270|0.000|0.00|180
0196|QES|0.240|0.235|0.240|0.000|0.00|96,168
7084|QL|6.900|6.890|6.940|+0.040|+0.58|80,822
7084CL|QL-CL|0.050|0.000|0.000|0.000|0.00|0
7084CM|QL-CM|0.060|0.060|0.060|0.000|0.00|1,082
7084CN|QL-CN|0.085|0.095|0.090|+0.005|+5.88|8
7084CO|QL-CO|0.130|0.130|0.130|0.000|0.00|5,998
7544|QUALITY|0.815|0.000|0.000|0.000|0.00|0
7498|RALCO|0.220|0.000|0.000|0.000|0.00|0
7498WB|RALCO-WB|0.010|0.000|0.000|0.000|0.00|0
5272|RANHILL|1.360|1.360|1.360|0.000|0.00|770
7765|RAPID|5.610|5.610|5.520|-0.090|-1.60|16,922
9296|RCECAP|1.640|1.620|1.650|+0.010|+0.61|3,551
5256|REACH|0.345|0.345|0.335|-0.010|-2.90|60,416
5256WA|REACH-WA|0.065|0.065|0.065|0.000|0.00|92,464
03002|REDIDEA|0.280|0.000|0.000|0.000|0.00|0
0032|REDTONE|0.305|0.305|0.290|-0.015|-4.92|22,829
0032LA|REDTONE-LA|0.130|0.000|0.000|0.000|0.00|0
7232|RESINTC|0.295|0.290|0.285|-0.010|-3.39|2,250
0173|REV|0.210|0.210|0.225|+0.015|+7.14|10,421
0200|REVENUE|1.200|1.230|1.270|+0.070|+5.83|78,426
0200WA|REVENUE-WA|0.420|0.435|0.440|+0.020|+4.76|38,362
9946|REX|0.410|0.000|0.000|0.000|0.00|0
0106|REXIT|0.600|0.595|0.595|-0.005|-0.83|500
0037|RGB|0.220|0.220|0.220|0.000|0.00|38,105
9954|RGTBHD|0.185|0.185|0.185|0.000|0.00|26,900
9954WB|RGTBHD-WB|0.120|0.115|0.120|0.000|0.00|2,749
0202|RGTECH|0.245|0.240|0.240|-0.005|-2.04|1,161
1066|RHBBANK|5.830|5.870|5.800|-0.030|-0.51|146,495
106610|RHBBANKC10|0.090|0.000|0.000|0.000|0.00|0
106611|RHBBANKC11|0.070|0.075|0.060|-0.010|-14.29|634
106612|RHBBANKC12|0.110|0.115|0.105|-0.005|-4.55|2,400
106613|RHBBANKC13|0.095|0.090|0.090|-0.005|-5.26|604
5278|RHONEMA|0.750|0.735|0.770|+0.020|+2.67|756
9741|ROHAS|0.610|0.620|0.630|+0.020|+3.28|2,096
5113|RSAWIT|0.190|0.190|0.190|0.000|0.00|3,220
5270|RSENA|0.505|0.000|0.000|0.000|0.00|0
7803|RUBEREX|0.450|0.450|0.470|+0.020|+4.44|153
2542|RVIEW|3.020|0.000|0.000|0.000|0.00|0
5134|SAB|3.850|3.700|3.700|-0.150|-3.90|10
8567|SALCON|0.295|0.295|0.285|-0.010|-3.39|14,911
8567WB|SALCON-WB|0.095|0.095|0.090|-0.005|-5.26|13,861
0183|SALUTE|0.380|0.380|0.380|0.000|0.00|5,767
9822|SAM|7.670|7.700|7.680|+0.010|+0.13|801
5147|SAMCHEM|0.610|0.610|0.610|0.000|0.00|5,453
9113|SANBUMI|0.330|0.335|0.345|+0.015|+4.55|23,509
0541C9|SANDS-C9|0.115|0.000|0.000|0.000|0.00|0
0133|SANICHI|0.050|0.050|0.055|+0.005|+10.00|7,945
0133WC|SANICHI-WC|0.005|0.000|0.000|0.000|0.00|0
0133WD|SANICHI-WD|0.005|0.000|0.000|0.000|0.00|0
0133WE|SANICHI-WE|0.015|0.015|0.015|0.000|0.00|78
7811|SAPIND|0.750|0.710|0.705|-0.045|-6.00|100
5218|SAPNRG|0.350|0.350|0.365|+0.015|+4.29|6,166,504
5218PA|SAPNRG-PA|0.365|0.365|0.385|+0.020|+5.48|1,361
5218WA|SAPNRG-WA|0.115|0.115|0.135|+0.020|+17.39|4,209,422
521868|SAPNRGC68|0.005|0.000|0.000|0.000|0.00|0
521869|SAPNRGC69|0.010|0.000|0.000|0.000|0.00|0
521870|SAPNRGC70|0.055|0.085|0.085|+0.030|+54.55|55
521871|SAPNRGC71|0.005|0.010|0.010|+0.005|+100.00|900
521872|SAPNRGC72|0.010|0.000|0.000|0.000|0.00|0
521873|SAPNRGC73|0.035|0.035|0.045|+0.010|+28.57|10,535
521874|SAPNRGC74|0.040|0.040|0.045|+0.005|+12.50|24,200
521875|SAPNRGC75|0.090|0.095|0.100|+0.010|+11.11|63,460
521876|SAPNRGC76|0.090|0.090|0.095|+0.005|+5.56|78,738
4596|SAPRES|0.650|0.635|0.620|-0.030|-4.62|400
5252|SASBADI|0.235|0.240|0.275|+0.040|+17.02|224,289
5157|SAUDEE|0.305|0.305|0.305|0.000|0.00|20
5157WA|SAUDEE-WA|0.120|0.000|0.000|0.000|0.00|0
2569|SBAGAN|2.920|0.000|0.000|0.000|0.00|0
5207|SBCCORP|0.485|0.000|0.000|0.000|0.00|0
5170|SCABLE|0.435|0.435|0.430|-0.005|-1.15|5,826
0109|SCBUILD|0.025|0.020|0.025|0.000|0.00|1,740
0109WB|SCBUILD-WB|0.005|0.000|0.000|0.000|0.00|0
0158|SCC|0.520|0.000|0.000|0.000|0.00|0
7247|SCGM|1.170|1.170|1.160|-0.010|-0.85|2,445
7247WA|SCGM-WA|0.120|0.085|0.085|-0.035|-29.17|9
0161|SCH|0.140|0.140|0.135|-0.005|-3.57|6,250
0161WA|SCH-WA|0.045|0.045|0.040|-0.005|-11.11|270
9237|SCIB|0.685|0.710|0.695|+0.010|+1.46|9,410
0099|SCICOM|1.180|0.000|0.000|0.000|0.00|0
4731|SCIENTX|8.380|8.340|8.480|+0.100|+1.19|5,294
4731CF|SCIENTX-CF|0.055|0.000|0.000|0.000|0.00|0
7239|SCNWOLF|0.175|0.175|0.170|-0.005|-2.86|160
7158|SCOMI|0.055|0.055|0.050|-0.005|-9.09|33,797
7158WB|SCOMI-WB|0.015|0.010|0.010|-0.005|-33.33|7,355
7045|SCOMIES|0.085|0.085|0.085|0.000|0.00|86,751
0001|SCOMNET|0.760|0.765|0.825|+0.065|+8.55|49,011
0028|SCOPE|0.220|0.220|0.230|+0.010|+4.55|34,373
0028WA|SCOPE-WA|0.075|0.080|0.080|+0.005|+6.67|3,288
2224|SDRED|0.645|0.645|0.650|+0.005|+0.78|575
7073|SEACERA|0.385|0.385|0.380|-0.005|-1.30|325,616
7073WB|SEACERA-WB|0.005|0.000|0.000|0.000|0.00|0
7073WC|SEACERA-WC|0.045|0.045|0.045|0.000|0.00|29,730
4286|SEAL|0.340|0.335|0.340|0.000|0.00|2,780
5145|SEALINK|0.195|0.210|0.225|+0.030|+15.38|188,846
5163|SEB|0.380|0.000|0.000|0.000|0.00|0
0178|SEDANIA|0.115|0.120|0.120|+0.005|+4.35|10
7053|SEEHUP|0.910|0.000|0.000|0.000|0.00|0
03009|SEERS|0.100|0.000|0.000|0.000|0.00|0
9792|SEG|0.630|0.625|0.630|0.000|0.00|1,470
5250|SEM|1.450|1.450|1.450|0.000|0.00|1,001
5205|SENDAI|0.555|0.555|0.545|-0.010|-1.80|153,782
5279|SERBADK|3.840|3.840|3.900|+0.060|+1.56|11,540
5279CN|SERBADK-CN|0.010|0.000|0.000|0.000|0.00|0
5279CO|SERBADK-CO|0.020|0.000|0.000|0.000|0.00|0
5279CP|SERBADK-CP|0.090|0.000|0.000|0.000|0.00|0
5279CQ|SERBADK-CQ|0.160|0.170|0.170|+0.010|+6.25|500
5279CR|SERBADK-CR|0.160|0.150|0.150|-0.010|-6.25|200
5279CS|SERBADK-CS|0.095|0.100|0.100|+0.005|+5.26|400
7180|SERNKOU|0.545|0.530|0.545|0.000|0.00|560
7180WA|SERNKOU-WA|0.220|0.000|0.000|0.000|0.00|0
0055|SERSOL|0.095|0.100|0.110|+0.015|+15.79|31,634
0055WA|SERSOL-WA|0.045|0.050|0.050|+0.005|+11.11|7,206
5517|SHANG|5.740|5.720|5.730|-0.010|-0.17|650
4316|SHCHAN|0.370|0.325|0.360|-0.010|-2.70|310
7412|SHH|0.495|0.000|0.000|0.000|0.00|0
6017|SHL|2.430|2.430|2.430|0.000|0.00|94
5181|SIGGAS|0.885|0.880|0.880|-0.005|-0.56|720
7246|SIGN|0.430|0.435|0.440|+0.010|+2.33|818
7246WA|SIGN-WA|0.075|0.075|0.080|+0.005|+6.67|601
4197|SIME|2.150|2.160|2.150|0.000|0.00|470,761
419725|SIME-C25|0.005|0.000|0.000|0.000|0.00|0
419727|SIME-C27|0.005|0.000|0.000|0.000|0.00|0
419728|SIME-C28|0.015|0.000|0.000|0.000|0.00|0
419729|SIME-C29|0.040|0.000|0.000|0.000|0.00|0
419730|SIME-C30|0.035|0.035|0.035|0.000|0.00|1,000
419731|SIME-C31|0.035|0.035|0.035|0.000|0.00|6,000
419732|SIME-C32|0.080|0.080|0.075|-0.005|-6.25|4,500
419733|SIME-C33|0.050|0.050|0.050|0.000|0.00|2,892
5285|SIMEPLT|5.070|5.080|5.050|-0.020|-0.39|101,692
5285CH|SIMEPLT-CH|0.030|0.000|0.000|0.000|0.00|0
5285CI|SIMEPLT-CI|0.035|0.040|0.040|+0.005|+14.29|12
5285CJ|SIMEPLT-CJ|0.095|0.095|0.095|0.000|0.00|9,990
5288|SIMEPROP|1.070|1.050|1.110|+0.040|+3.74|25,955
5288CG|SIMEPROP-CG|0.020|0.000|0.000|0.000|0.00|0
5288CH|SIMEPROP-CH|0.050|0.000|0.000|0.000|0.00|0
5288CI|SIMEPROP-CI|0.005|0.000|0.000|0.000|0.00|0
5288CJ|SIMEPROP-CJ|0.020|0.000|0.000|0.000|0.00|0
5288CK|SIMEPROP-CK|0.035|0.040|0.045|+0.010|+28.57|12,000
5288CL|SIMEPROP-CL|0.055|0.065|0.065|+0.010|+18.18|800
8532|SINOTOP|0.310|0.000|0.000|0.000|0.00|0
9431|SJC|0.600|0.000|0.000|0.000|0.00|0
7115|SKBSHUT|0.650|0.000|0.000|0.000|0.00|0
7155|SKPRES|1.300|1.300|1.320|+0.020|+1.54|37,032
7155CN|SKPRES-CN|0.040|0.000|0.000|0.000|0.00|0
7155CO|SKPRES-CO|0.045|0.045|0.045|0.000|0.00|10,391
7155CP|SKPRES-CP|0.050|0.000|0.000|0.000|0.00|0
7155CQ|SKPRES-CQ|0.105|0.110|0.110|+0.005|+4.76|2,000
03008|SLIC|0.420|0.000|0.000|0.000|0.00|0
7248|SLP|1.220|1.200|1.230|+0.010|+0.82|220
9776|SMCAP|0.210|0.215|0.230|+0.020|+9.52|438,589
9776WC|SMCAP-WC|0.110|0.110|0.105|-0.005|-4.55|79,049
0203|SMETRIC|0.545|0.545|0.540|-0.005|-0.92|19,803
4375|SMI|0.175|0.175|0.175|0.000|0.00|3,210
7132|SMISCOR|0.480|0.000|0.000|0.000|0.00|0
0117|SMRT|0.120|0.120|0.115|-0.005|-4.17|1,342
0169|SMTRACK|0.070|0.075|0.080|+0.010|+14.29|9,621
7943|SNC|0.250|0.235|0.235|-0.015|-6.00|2
5213|SNTORIA|0.410|0.000|0.000|0.000|0.00|0
5213WA|SNTORIA-WA|0.005|0.000|0.000|0.000|0.00|0
5213WB|SNTORIA-WB|0.055|0.000|0.000|0.000|0.00|0
5242|SOLID|0.295|0.000|0.000|0.000|0.00|0
5242WA|SOLID-WA|0.080|0.000|0.000|0.000|0.00|0
0093|SOLUTN|0.095|0.090|0.090|-0.005|-5.26|701
0093WA|SOLUTN-WA|0.030|0.000|0.000|0.000|0.00|0
5126|SOP|2.540|2.540|2.530|-0.010|-0.39|179
0656CF|SP500-CF|0.010|0.000|0.000|0.000|0.00|0
0656CG|SP500-CG|0.785|0.870|0.870|+0.085|+10.83|365
0656CH|SP500-CH|1.440|0.000|0.000|0.000|0.00|0
0656CI|SP500-CI|0.755|0.940|0.940|+0.185|+24.50|54
0656HF|SP500-HF|0.005|0.000|0.000|0.000|0.00|0
0656HG|SP500-HG|0.200|0.200|0.195|-0.005|-2.50|5,653
0656HH|SP500-HH|0.305|0.305|0.305|0.000|0.00|215
0656HI|SP500-HI|1.010|0.000|0.000|0.000|0.00|0
1783|SPB|6.220|6.220|6.220|0.000|0.00|140
7103|SPRITZER|2.190|0.000|0.000|0.000|0.00|0
8664|SPSETIA|2.220|2.220|2.260|+0.040|+1.80|31,197
866410|SPSETIA-C10|0.010|0.000|0.000|0.000|0.00|0
866411|SPSETIA-C11|0.070|0.070|0.070|0.000|0.00|1,000
866412|SPSETIA-C12|0.105|0.000|0.000|0.000|0.00|0
866413|SPSETIA-C13|0.085|0.000|0.000|0.000|0.00|0
866414|SPSETIA-C14|0.125|0.125|0.115|-0.010|-8.00|4
866415|SPSETIA-C15|0.150|0.000|0.000|0.000|0.00|0
866416|SPSETIA-C16|0.080|0.000|0.000|0.000|0.00|0
8664C9|SPSETIA-C9|0.005|0.000|0.000|0.000|0.00|0
8664PA|SPSETIA-PA|0.900|0.900|0.900|0.000|0.00|1,311
8664PB|SPSETIA-PB|0.780|0.000|0.000|0.000|0.00|0
0129|SRIDGE|0.225|0.230|0.220|-0.005|-2.22|6,672
0129WA|SRIDGE-WA|0.065|0.060|0.055|-0.010|-15.38|3,200
5665|SSTEEL|0.825|0.830|0.830|+0.005|+0.61|2,232
5665LB|SSTEEL-LB|0.760|0.000|0.000|0.000|0.00|0
6084|STAR|0.790|0.780|0.780|-0.010|-1.27|2,581
0140|STERPRO|0.180|0.170|0.190|+0.010|+5.56|710
0140WA|STERPRO-WA|0.040|0.000|0.000|0.000|0.00|0
7143|STONE|0.115|0.120|0.120|+0.005|+4.35|7
7143WA|STONE-WA|0.015|0.000|0.000|0.000|0.00|0
0080|STRAITS|0.250|0.250|0.255|+0.005|+2.00|83,053
0080WA|STRAITS-WA|0.140|0.140|0.150|+0.010|+7.14|46,211
6904|SUBUR|0.540|0.545|0.540|0.000|0.00|330
7207|SUCCESS|0.730|0.725|0.720|-0.010|-1.37|5,931
9865|SUIWAH|2.680|2.680|2.680|0.000|0.00|227
1201|SUMATEC|0.010|0.010|0.010|0.000|0.00|37,210
1201WA|SUMATEC-WA|0.005|0.010|0.005|0.000|0.00|210
5263|SUNCON|1.840|1.840|1.860|+0.020|+1.09|13,320
5263CT|SUNCON-CT|0.005|0.000|0.000|0.000|0.00|0
5263CU|SUNCON-CU|0.055|0.000|0.000|0.000|0.00|0
5263CV|SUNCON-CV|0.030|0.000|0.000|0.000|0.00|0
5176|SUNREIT|1.750|1.760|1.750|0.000|0.00|21,277
3743|SUNSURIA|0.630|0.630|0.640|+0.010|+1.59|1,320
3743WA|SUNSURIA-WA|0.045|0.000|0.000|0.000|0.00|0
5211|SUNWAY|1.680|1.660|1.660|-0.020|-1.19|5,191
5211CR|SUNWAY-CR|0.035|0.000|0.000|0.000|0.00|0
5211CS|SUNWAY-CS|0.010|0.000|0.000|0.000|0.00|0
5211WB|SUNWAY-WB|0.280|0.290|0.275|-0.005|-1.79|14,228
0148|SUNZEN|0.160|0.160|0.165|+0.005|+3.13|2,577
0148WA|SUNZEN-WA|0.040|0.050|0.040|0.000|0.00|1,446
0148WB|SUNZEN-WB|0.055|0.000|0.000|0.000|0.00|0
7235|SUPERLN|1.350|1.340|1.350|0.000|0.00|1,300
7106|SUPERMX|1.460|1.470|1.490|+0.030|+2.05|48,503
710648|SUPERMX-C48|0.005|0.000|0.000|0.000|0.00|0
710650|SUPERMX-C50|0.005|0.000|0.000|0.000|0.00|0
710651|SUPERMX-C51|0.005|0.000|0.000|0.000|0.00|0
710652|SUPERMX-C52|0.010|0.005|0.005|-0.005|-50.00|250
710653|SUPERMX-C53|0.005|0.000|0.000|0.000|0.00|0
710654|SUPERMX-C54|0.095|0.000|0.000|0.000|0.00|0
710655|SUPERMX-C55|0.035|0.035|0.035|0.000|0.00|3,818
710656|SUPERMX-C56|0.090|0.090|0.090|0.000|0.00|5,580
710657|SUPERMX-C57|0.075|0.075|0.075|0.000|0.00|1,000
710658|SUPERMX-C58|0.050|0.000|0.000|0.000|0.00|0
710659|SUPERMX-C59|0.075|0.080|0.075|0.000|0.00|9,477
710660|SUPERMX-C60|0.035|0.000|0.000|0.000|0.00|0
710661|SUPERMX-C61|0.045|0.000|0.000|0.000|0.00|0
710662|SUPERMX-C62|0.065|0.065|0.065|0.000|0.00|8,500
710663|SUPERMX-C63|0.060|0.000|0.000|0.000|0.00|0
710664|SUPERMX-C64|0.080|0.080|0.080|0.000|0.00|2,400
710665|SUPERMX-C65|0.095|0.000|0.000|0.000|0.00|0
710666|SUPERMX-C66|0.080|0.080|0.080|0.000|0.00|1,820
03018|SUPREME|0.680|0.000|0.000|0.000|0.00|0
6521|SURIA|1.390|1.380|1.380|-0.010|-0.72|1,460
5135|SWKPLNT|1.500|1.470|1.530|+0.030|+2.00|390
7186|SWSCAP|0.655|0.630|0.660|+0.005|+0.76|500
7186WB|SWSCAP-WB|0.070|0.055|0.070|0.000|0.00|77
9717|SYCAL|0.235|0.225|0.235|0.000|0.00|380
7082|SYF|0.230|0.230|0.230|0.000|0.00|2,710
7082WB|SYF-WB|0.010|0.010|0.010|0.000|0.00|825
1538|SYMLIFE|0.415|0.415|0.415|0.000|0.00|4,157
1538WB|SYMLIFE-WB|0.035|0.035|0.035|0.000|0.00|5,000
5173|SYSCORP|0.335|0.340|0.340|+0.005|+1.49|1,882
0050|SYSTECH|0.225|0.230|0.240|+0.015|+6.67|2,048
7228|T7GLOBAL|0.540|0.545|0.530|-0.010|-1.85|34,625
4898|TA|0.620|0.620|0.620|0.000|0.00|3,048
5012|TAANN|2.350|2.360|2.420|+0.070|+2.98|766
5012CM|TAANN-CM|0.080|0.000|0.000|0.000|0.00|0
4022|TADMAX|0.230|0.230|0.240|+0.010|+4.35|13,472
7211|TAFI|0.340|0.000|0.000|0.000|0.00|0
5158|TAGB|0.245|0.250|0.250|+0.005|+2.04|6,873
6139|TAKAFUL|4.390|4.430|4.400|+0.010|+0.23|1,817
6139CC|TAKAFUL-CC|0.055|0.000|0.000|0.000|0.00|0
6139CD|TAKAFUL-CD|0.120|0.125|0.125|+0.005|+4.17|2,000
2259|TALAMT|0.035|0.035|0.040|+0.005|+14.29|10,132
8524|TALIWRK|0.875|0.885|0.915|+0.040|+4.57|29,081
8524CE|TALIWRK-CE|0.135|0.155|0.155|+0.020|+14.81|3,200
5191|TAMBUN|0.780|0.785|0.820|+0.040|+5.13|10,672
2429|TANCO|0.050|0.050|0.050|0.000|0.00|662
2429WB|TANCO-WB|0.020|0.020|0.020|0.000|0.00|26
5149|TAS|0.330|0.325|0.320|-0.010|-3.03|4,201
5140|TASCO|1.500|1.510|1.520|+0.020|+1.33|480
4448|TASEK|4.800|4.850|4.780|-0.020|-0.42|36
4448P|TASEK-PA|10.100|0.000|0.000|0.000|0.00|0
7097|TAWIN|0.530|0.520|0.520|-0.010|-1.89|6,707
4405|TCHONG|1.630|1.600|1.600|-0.030|-1.84|2,629
0132|TDEX|0.075|0.080|0.080|+0.005|+6.67|1,200
2054|TDM|0.180|0.180|0.180|0.000|0.00|27,110
0084|TECFAST|0.325|0.330|0.340|+0.015|+4.62|9,757
7439|TECGUAN|1.100|1.080|1.060|-0.040|-3.64|305
5289|TECHBND|0.765|0.765|0.780|+0.015|+1.96|7,613
7200|TEKSENG|0.245|0.240|0.250|+0.005|+2.04|2,105
7200WA|TEKSENG-WA|0.050|0.050|0.050|0.000|0.00|1,358
5347|TENAGA|12.640|12.660|12.680|+0.040|+0.32|98,678
534747|TENAGA-C47|0.050|0.000|0.000|0.000|0.00|0
534749|TENAGA-C49|0.005|0.000|0.000|0.000|0.00|0
534750|TENAGA-C50|0.040|0.040|0.040|0.000|0.00|35,000
534751|TENAGA-C51|0.030|0.030|0.040|+0.010|+33.33|9,548
534752|TENAGA-C52|0.040|0.000|0.000|0.000|0.00|0
534753|TENAGA-C53|0.050|0.050|0.050|0.000|0.00|5,400
534754|TENAGA-C54|0.105|0.105|0.110|+0.005|+4.76|24,284
0546C7|TENCENT-C7|0.190|0.195|0.195|+0.005|+2.63|100
7252|TEOSENG|1.290|1.320|1.290|0.000|0.00|23,183
7252WA|TEOSENG-WA|0.260|0.275|0.280|+0.020|+7.69|3,151
8702|TEXCHEM|0.670|0.670|0.680|+0.010|+1.49|601
0089|TEXCYCL|0.530|0.530|0.520|-0.010|-1.89|235
0145|TFP|0.095|0.000|0.000|0.000|0.00|0
9369|TGL|1.000|0.000|0.000|0.000|0.00|0
7034|TGUAN|2.610|2.600|2.590|-0.020|-0.77|586
7034LA|TGUAN-LA|2.600|0.000|0.000|0.000|0.00|0
7034WA|TGUAN-WA|1.080|1.060|1.060|-0.020|-1.85|39
9075|THETA|0.440|0.445|0.430|-0.010|-2.27|2,407
7206|THHEAVY|0.070|0.070|0.070|0.000|0.00|28,332
7206PB|THHEAVY-PB|0.075|0.000|0.000|0.000|0.00|0
5112|THPLANT|0.500|0.510|0.510|+0.010|+2.00|713
7889|THRIVEN|0.220|0.215|0.220|0.000|0.00|4,411
7889WB|THRIVEN-WB|0.065|0.065|0.070|+0.005|+7.69|1,025
7374|TIENWAH|1.340|1.330|1.330|-0.010|-0.75|150
7079|TIGER|0.080|0.075|0.075|-0.005|-6.25|35,426
7079WC|TIGER-WC|0.020|0.015|0.015|-0.005|-25.00|615
5031|TIMECOM|8.490|8.350|8.780|+0.290|+3.42|9,034
7854|TIMWELL|0.640|0.000|0.000|0.000|0.00|0
5239|TITIJYA|0.320|0.315|0.315|-0.005|-1.56|9,360
5239PA|TITIJYA-PA|0.035|0.000|0.000|0.000|0.00|0
4863|TM|3.230|3.230|3.180|-0.050|-1.55|71,761
486327|TM-C27|0.005|0.000|0.000|0.000|0.00|0
486328|TM-C28|0.005|0.000|0.000|0.000|0.00|0
486329|TM-C29|0.005|0.000|0.000|0.000|0.00|0
486330|TM-C30|0.045|0.000|0.000|0.000|0.00|0
486331|TM-C31|0.050|0.000|0.000|0.000|0.00|0
486332|TM-C32|0.015|0.000|0.000|0.000|0.00|0
486333|TM-C33|0.065|0.000|0.000|0.000|0.00|0
486334|TM-C34|0.110|0.000|0.000|0.000|0.00|0
486335|TM-C35|0.125|0.120|0.120|-0.005|-4.00|3,630
486336|TM-C36|0.245|0.000|0.000|0.000|0.00|0
486337|TM-C37|0.385|0.375|0.375|-0.010|-2.60|3,989
486338|TM-C38|0.205|0.000|0.000|0.000|0.00|0
486339|TM-C39|0.255|0.245|0.245|-0.010|-3.92|1,100
486340|TM-C40|0.165|0.000|0.000|0.000|0.00|0
0101|TMCLIFE|0.735|0.735|0.735|0.000|0.00|4,238
0101WB|TMCLIFE-WB|0.020|0.020|0.025|+0.005|+25.00|8,284
8397|TNLOGIS|0.630|0.625|0.630|0.000|0.00|1,510
7218|TOCEAN|0.745|0.680|0.590|-0.155|-20.81|3,622
7230|TOMEI|0.550|0.540|0.530|-0.020|-3.64|383
7285|TOMYPAK|0.480|0.480|0.500|+0.020|+4.17|3,999
7285WA|TOMYPAK-WA|0.160|0.155|0.160|0.000|0.00|2,682
5010|TONGHER|3.530|3.530|3.520|-0.010|-0.28|245
7113|TOPGLOV|4.400|4.420|4.560|+0.160|+3.64|243,083
711333|TOPGLOV-C33|0.005|0.000|0.000|0.000|0.00|0
711340|TOPGLOV-C40|0.005|0.000|0.000|0.000|0.00|0
711341|TOPGLOV-C41|0.005|0.010|0.010|+0.005|+100.00|800
711342|TOPGLOV-C42|0.020|0.020|0.025|+0.005|+25.00|7,000
711343|TOPGLOV-C43|0.030|0.035|0.035|+0.005|+16.67|1,000
711344|TOPGLOV-C44|0.025|0.030|0.030|+0.005|+20.00|8,260
711345|TOPGLOV-C45|0.080|0.085|0.095|+0.015|+18.75|14,851
711346|TOPGLOV-C46|0.070|0.075|0.085|+0.015|+21.43|78,698
711347|TOPGLOV-C47|0.085|0.090|0.100|+0.015|+17.65|650
711348|TOPGLOV-C48|0.060|0.065|0.075|+0.015|+25.00|5,910
711349|TOPGLOV-C49|0.125|0.140|0.145|+0.020|+16.00|9,037
711350|TOPGLOV-C50|0.090|0.095|0.105|+0.015|+16.67|1,082
03013|TOPVISN|0.400|0.000|0.000|0.000|0.00|0
7173|TOYOINK|0.630|0.675|0.640|+0.010|+1.59|347
7173WB|TOYOINK-WB|0.090|0.095|0.095|+0.005|+5.56|3,259
7176|TPC|0.440|0.425|0.410|-0.030|-6.82|410
7176WA|TPC-WA|0.230|0.240|0.220|-0.010|-4.35|1,677
5054|TRC|0.665|0.670|0.650|-0.015|-2.26|31,522
0199|TRIMODE|0.430|0.435|0.450|+0.020|+4.65|1,805
0118|TRIVE|0.015|0.015|0.015|0.000|0.00|11,000
0118WB|TRIVE-WB|0.005|0.000|0.000|0.000|0.00|0
5401|TROP|0.880|0.880|0.875|-0.005|-0.57|843
5401WA|TROP-WA|0.030|0.025|0.025|-0.005|-16.67|1,412
9059|TSH|1.090|1.070|1.090|0.000|0.00|279
5042|TSRCAP|0.400|0.000|0.000|0.000|0.00|0
5042WB|TSRCAP-WB|0.045|0.000|0.000|0.000|0.00|0
5230|TUNEPRO|0.690|0.695|0.695|+0.005|+0.72|7,796
5167|TURBO|0.790|0.795|0.785|-0.005|-0.63|2,820
4359|TURIYA|0.170|0.165|0.150|-0.020|-11.76|112
5111|TWRREIT|0.900|0.905|0.900|0.000|0.00|475
7100|UCHITEC|2.660|2.670|2.650|-0.010|-0.38|1,953
7100CD|UCHITEC-CD|0.005|0.000|0.000|0.000|0.00|0
7100CE|UCHITEC-CE|0.025|0.000|0.000|0.000|0.00|0
7100CF|UCHITEC-CF|0.100|0.100|0.100|0.000|0.00|3,000
0005|UCREST|0.280|0.285|0.280|0.000|0.00|427,919
5148|UEMS|0.835|0.830|0.830|-0.005|-0.60|10,053
514864|UEMS-C64|0.040|0.000|0.000|0.000|0.00|0
514865|UEMS-C65|0.075|0.080|0.080|+0.005|+6.67|1,000
514866|UEMS-C66|0.060|0.000|0.000|0.000|0.00|0
7133|ULICORP|0.420|0.425|0.435|+0.015|+3.57|6,505
2593|UMCCA|5.470|5.470|5.410|-0.060|-1.10|282
7137|UMS|2.340|2.230|2.380|+0.040|+1.71|5
7227|UMSNGB|1.000|0.000|0.000|0.000|0.00|0
4588|UMW|5.790|5.800|5.780|-0.010|-0.17|226,862
458810|UMW-C10|0.005|0.000|0.000|0.000|0.00|0
458811|UMW-C11|0.035|0.000|0.000|0.000|0.00|0
458812|UMW-C12|0.210|0.000|0.000|0.000|0.00|0
458813|UMW-C13|0.205|0.215|0.200|-0.005|-2.44|4
458814|UMW-C14|0.195|0.200|0.195|0.000|0.00|1,850
458815|UMW-C15|0.205|0.200|0.210|+0.005|+2.44|600
458816|UMW-C16|0.115|0.000|0.000|0.000|0.00|0
458817|UMW-C17|0.115|0.120|0.115|0.000|0.00|700
4588C9|UMW-C9|0.025|0.000|0.000|0.000|0.00|0
7091|UNIMECH|1.130|1.140|1.120|-0.010|-0.88|2,139
5005|UNISEM|2.700|2.700|2.640|-0.060|-2.22|4,842
500511|UNISEM-C11|0.220|0.000|0.000|0.000|0.00|0
500512|UNISEM-C12|0.015|0.000|0.000|0.000|0.00|0
500513|UNISEM-C13|0.065|0.000|0.000|0.000|0.00|0
500514|UNISEM-C14|0.045|0.000|0.000|0.000|0.00|0
500515|UNISEM-C15|0.060|0.000|0.000|0.000|0.00|0
03017|UNIWALL|0.320|0.000|0.000|0.000|0.00|0
5200|UOADEV|2.190|2.190|2.190|0.000|0.00|404
5110|UOAREIT|1.370|1.370|1.370|0.000|0.00|5
7757|UPA|2.190|2.200|2.200|+0.010|+0.46|20
2089|UTDPLT|27.200|27.500|27.400|+0.200|+0.74|113
5754|UTUSAN|0.180|0.180|0.170|-0.010|-5.56|310
7250|UZMA|1.050|1.130|1.070|+0.020|+1.90|44,320
0060|VC|0.160|0.155|0.155|-0.005|-3.13|6,978
5243|VELESTO|0.310|0.310|0.310|0.000|0.00|445,401
524324|VELESTO-C24|0.215|0.000|0.000|0.000|0.00|0
524325|VELESTO-C25|0.025|0.000|0.000|0.000|0.00|0
524326|VELESTO-C26|0.115|0.120|0.120|+0.005|+4.35|500
524327|VELESTO-C27|0.115|0.115|0.115|0.000|0.00|435
5243WA|VELESTO-WA|0.115|0.120|0.120|+0.005|+4.35|131,669
4995|VERSATL|0.395|0.395|0.400|+0.005|+1.27|1,104
7240|VERTICE|0.870|0.860|0.875|+0.005|+0.57|600
7240WA|VERTICE-WA|0.485|0.450|0.450|-0.035|-7.22|30
0120|VIS|0.520|0.525|0.520|0.000|0.00|10,585
0120WB|VIS-WB|0.190|0.190|0.185|-0.005|-2.63|2,400
0097|VITROX|7.110|7.110|7.210|+0.100|+1.41|3,123
0097CL|VITROX-CL|0.020|0.000|0.000|0.000|0.00|0
0097CM|VITROX-CM|0.060|0.000|0.000|0.000|0.00|0
0069|VIVOCOM|0.020|0.020|0.015|-0.005|-25.00|35,875
0069WC|VIVOCOM-WC|0.005|0.000|0.000|0.000|0.00|0
0069WD|VIVOCOM-WD|0.005|0.000|0.000|0.000|0.00|0
0069WE|VIVOCOM-WE|0.005|0.000|0.000|0.000|0.00|0
7070|VIZIONE|0.975|0.980|0.980|+0.005|+0.51|25,785
7070LA|VIZIONE-LA|0.070|0.000|0.000|0.000|0.00|0
7070WC|VIZIONE-WC|0.370|0.370|0.370|0.000|0.00|184
6963|VS|0.995|0.995|0.985|-0.010|-1.01|132,784
696310|VS-C10|0.100|0.095|0.095|-0.005|-5.00|27,466
696311|VS-C11|0.205|0.000|0.000|0.000|0.00|0
696312|VS-C12|0.080|0.080|0.080|0.000|0.00|6,500
696313|VS-C13|0.105|0.100|0.100|-0.005|-4.76|170
6963C5|VS-C5|0.005|0.000|0.000|0.000|0.00|0
6963C6|VS-C6|0.005|0.000|0.000|0.000|0.00|0
6963C7|VS-C7|0.005|0.000|0.000|0.000|0.00|0
6963C8|VS-C8|0.170|0.160|0.160|-0.010|-5.88|300
6963C9|VS-C9|0.135|0.130|0.130|-0.005|-3.70|7,000
0066|VSOLAR|0.195|0.195|0.215|+0.020|+10.26|276,492
5162|VSTECS|0.980|0.985|1.000|+0.020|+2.04|1,357
7203|WANGZNG|1.110|1.070|1.080|-0.030|-2.70|254
5016|WARISAN|2.100|0.000|0.000|0.000|0.00|0
5142|WASEONG|0.800|0.810|0.795|-0.005|-0.63|8,754
7226|WATTA|0.950|0.900|0.875|-0.075|-7.89|2,304
3565|WCEHB|0.565|0.565|0.545|-0.020|-3.54|5,006
9679|WCT|0.820|0.820|0.830|+0.010|+1.22|21,912
967914|WCT-C14|0.010|0.000|0.000|0.000|0.00|0
967915|WCT-C15|0.015|0.000|0.000|0.000|0.00|0
967916|WCT-C16|0.045|0.000|0.000|0.000|0.00|0
9679WE|WCT-WE|0.075|0.070|0.075|0.000|0.00|8,899
0197|WEGMANS|0.315|0.315|0.340|+0.025|+7.94|45,377
0197WA|WEGMANS-WA|0.135|0.140|0.150|+0.015|+11.11|17,261
7231|WELLCAL|1.280|1.280|1.270|-0.010|-0.78|308
0162|WIDAD|0.310|0.310|0.305|-0.005|-1.61|37,487
0162WA|WIDAD-WA|0.115|0.115|0.110|-0.005|-4.35|30,241
7692|WIDETEC|0.560|0.000|0.000|0.000|0.00|0
0008|WILLOW|0.460|0.450|0.455|-0.005|-1.09|4,076
0141|WINTONI|0.035|0.000|0.000|0.000|0.00|0
6378|WMG|0.120|0.125|0.130|+0.010|+8.33|1,211
7050|WONG|0.600|0.595|0.580|-0.020|-3.33|1,174
7025|WOODLAN|0.730|0.000|0.000|0.000|0.00|0
5246|WPRTS|3.830|3.810|3.810|-0.020|-0.52|11,197
5246CX|WPRTS-CX|0.050|0.000|0.000|0.000|0.00|0
5246CY|WPRTS-CY|0.135|0.000|0.000|0.000|0.00|0
5009|WTHORSE|1.210|1.210|1.220|+0.010|+0.83|70
4243|WTK|0.690|0.695|0.690|0.000|0.00|23,198
7245|WZSATU|0.320|0.320|0.315|-0.005|-1.56|31,696
7245WA|WZSATU-WA|0.120|0.130|0.120|0.000|0.00|6,293
5156|XDL|0.100|0.100|0.100|0.000|0.00|124,854
5156WD|XDL-WD|0.020|0.020|0.020|0.000|0.00|23,450
7121|XIANLNG|0.435|0.430|0.435|0.000|0.00|600
0581C1|XIAOMI-C1|0.020|0.015|0.015|-0.005|-25.00|450
0581C2|XIAOMI-C2|0.160|0.160|0.165|+0.005|+3.13|4,084
0095|XINGHE|0.035|0.035|0.035|0.000|0.00|52,112
0095WA|XINGHE-WA|0.005|0.000|0.000|0.000|0.00|0
5267|XINHWA|0.865|0.875|0.855|-0.010|-1.16|14,673
5155|XINQUAN|0.055|0.000|0.000|0.000|0.00|0
5155WA|XINQUAN-WA|0.005|0.000|0.000|0.000|0.00|0
5155WB|XINQUAN-WB|0.015|0.000|0.000|0.000|0.00|0
0165|XOX|0.050|0.050|0.050|0.000|0.00|11,780
7003|Y&G|0.910|0.000|0.000|0.000|0.00|0
7003WA|Y&G-WA|0.100|0.000|0.000|0.000|0.00|0
0025|YBS|0.145|0.145|0.145|0.000|0.00|200
5584|YEELEE|1.900|1.890|1.900|0.000|0.00|75
7122|YFG|0.005|0.000|0.000|0.000|0.00|0
0086|YGL|0.115|0.115|0.115|0.000|0.00|127
5048|YILAI|0.625|0.625|0.625|0.000|0.00|15
7293|YINSON|4.510|4.500|4.520|+0.010|+0.22|832
7293CT|YINSON-CT|0.030|0.030|0.030|0.000|0.00|4,100
7293CU|YINSON-CU|0.075|0.000|0.000|0.000|0.00|0
7293CV|YINSON-CV|0.055|0.000|0.000|0.000|0.00|0
7293CW|YINSON-CW|0.105|0.000|0.000|0.000|0.00|0
7020|YKGI|0.135|0.140|0.135|0.000|0.00|48,479
7020WB|YKGI-WB|0.025|0.025|0.025|0.000|0.00|2,519
7014|YLI|0.300|0.305|0.290|-0.010|-3.33|1,000
3158|YNHPROP|1.210|1.200|1.200|-0.010|-0.83|33,227
5159|YOCB|1.210|1.220|1.200|-0.010|-0.83|1,660
7066|YONGTAI|0.365|0.370|0.370|+0.005|+1.37|94,454
7066PA|YONGTAI-PA|0.200|0.205|0.215|+0.015|+7.50|14,902
7066WA|YONGTAI-WA|0.105|0.105|0.110|+0.005|+4.76|15,517
7178|YSPSAH|2.840|2.840|2.830|-0.010|-0.35|170
4677|YTL|1.060|1.060|1.100|+0.040|+3.77|56,269
467722|YTL-C22|0.050|0.000|0.000|0.000|0.00|0
467723|YTL-C23|0.055|0.000|0.000|0.000|0.00|0
467724|YTL-C24|0.150|0.000|0.000|0.000|0.00|0
2577|YTLLAND|0.395|0.395|0.395|0.000|0.00|20
2577LA|YTLLAND-LA|0.355|0.000|0.000|0.000|0.00|0
6742|YTLPOWR|0.865|0.865|0.830|-0.035|-4.05|48,650
6742C5|YTLPOWR-C5|0.005|0.000|0.000|0.000|0.00|0
6742C6|YTLPOWR-C6|0.055|0.000|0.000|0.000|0.00|0
6742C7|YTLPOWR-C7|0.150|0.000|0.000|0.000|0.00|0
5109|YTLREIT|1.260|1.270|1.260|0.000|0.00|1,249
7028|ZECON|0.320|0.320|0.300|-0.020|-6.25|14,331
2283|ZELAN|0.100|0.100|0.105|+0.005|+5.00|79,165
5131|ZHULIAN|1.360|1.370|1.360|0.000|0.00|310
0012|3A|0.855|0.855|0.850|-0.005|-0.58|650
